0 0.5302579365079365 0.5191798941798942 0.000992063492063492 0.0013227513227513227
0 0.533234126984127 0.5165343915343915 0.000992063492063492 0.0013227513227513227
0 0.5367063492063492 0.5132275132275133 0.001984126984126984 0.0026455026455026454
0 0.5396825396825397 0.5105820105820106 0.001984126984126984 0.0026455026455026454
0 0.5426587301587301 0.5079365079365079 0.001984126984126984 0.0026455026455026454
0 0.19146825396825398 0.5218253968253969 0.047619047619047616 0.07804232804232804
0 0.5421626984126984 0.4808201058201058 0.030753968253968252 0.05952380952380952
0 0.6155753968253969 0.5317460317460317 0.10218253968253968 0.164021164021164
0 0.02628968253968254 0.5072751322751323 0.04662698412698413 0.11507936507936507
0 0.5024801587301587 0.5277777777777778 0.09623015873015874 0.20899470899470898
0 0.22470238095238096 0.296957671957672 0.10416666666666667 0.1388888888888889
0 0.00744047619047619 0.21428571428571427 0.01488095238095238 0.037037037037037035
0 0.1185515873015873 0.16203703703703703 0.000992063492063492 0.0013227513227513227
0 0.810515873015873 0.14947089947089948 0.025793650793650792 0.0291005291005291
0 0.08779761904761904 0.1693121693121693 0.06845238095238096 0.07142857142857142
0 0.12251984126984126 0.13955026455026456 0.04861111111111111 0.03835978835978836
0 0.20684523809523808 0.08994708994708994 0.054563492063492064 0.04497354497354497
0 0.2648809523809524 0.04298941798941799 0.01984126984126984 0.022486772486772486
0 0.011904761904761904 0.012566137566137565 0.023809523809523808 0.02513227513227513
