0 0.470734126984127 0.5423280423280423 0.000992063492063492 0.0026455026455026454
0 0.47172619047619047 0.533068783068783 0.000992063492063492 0.0026455026455026454
0 0.47271825396825395 0.5231481481481481 0.000992063492063492 0.0013227513227513227
0 0.42857142857142855 0.5767195767195767 0.10714285714285714 0.1455026455026455
0 0.4677579365079365 0.49537037037037035 0.002976190476190476 0.003968253968253968
0 0.47619047619047616 0.5 0.023809523809523808 0.0291005291005291
0 0.5758928571428571 0.5648148148148148 0.16567460317460317 0.2857142857142857
0 0.45634920634920634 0.44047619047619047 0.07142857142857142 0.10582010582010581
0 0.35813492063492064 0.41798941798941797 0.11507936507936507 0.21428571428571427
0 0.7400793650793651 0.15476190476190477 0.04563492063492063 0.04497354497354497
