0 0.6433531746031746 0.48478835978835977 0.12202380952380952 0.16534391534391535
0 0.24057539682539683 0.29563492063492064 0.000992063492063492 0.0013227513227513227
0 0.09375 0.32275132275132273 0.044642857142857144 0.05555555555555555
0 0.24305555555555555 0.31746031746031744 0.057539682539682536 0.047619047619047616
0 0.23958333333333334 0.2916666666666667 0.000992063492063492 0.0013227513227513227
0 0.35615079365079366 0.3101851851851852 0.08531746031746032 0.11243386243386243
0 0.23759920634920634 0.2698412698412698 0.040674603174603176 0.04497354497354497
0 0.8983134920634921 0.28505291005291006 0.10416666666666667 0.09656084656084656
0 0.7827380952380952 0.12433862433862433 0.07539682539682539 0.06878306878306878
0 0.24553571428571427 0.09259259259259259 0.0625 0.03968253968253968
0 0.07688492063492064 0.05291005291005291 0.016865079365079364 0.021164021164021163
0 0.0679563492063492 0.041666666666666664 0.000992063492063492 0.0013227513227513227
0 0.1488095238095238 0.03835978835978836 0.007936507936507936 0.018518518518518517
0 0.1572420634920635 0.027116402116402115 0.000992063492063492 0.0013227513227513227
0 0.8720238095238095 0.07407407407407407 0.08531746031746032 0.10317460317460317
0 0.16765873015873015 0.036375661375661374 0.015873015873015872 0.027777777777777776
0 0.03670634920634921 0.05423280423280423 0.061507936507936505 0.06349206349206349
0 0.28621031746031744 0.03439153439153439 0.04265873015873016 0.05555555555555555
