0 0.501984126984127 0.6130952380952381 0.02976190476190476 0.03306878306878307
0 0.8948412698412699 0.5773809523809523 0.047619047619047616 0.0701058201058201
0 0.028769841269841268 0.375 0.05555555555555555 0.06481481481481481
0 0.018849206349206348 0.3167989417989418 0.015873015873015872 0.017195767195767195
0 0.6428571428571429 0.3816137566137566 0.11507936507936507 0.18915343915343916
0 0.04265873015873016 0.2671957671957672 0.08134920634920635 0.07407407407407407
0 0.03422619047619048 0.1302910052910053 0.00496031746031746 0.006613756613756613
0 0.022817460317460316 0.10251322751322751 0.003968253968253968 0.006613756613756613
0 0.6359126984126984 0.14087301587301587 0.051587301587301584 0.10714285714285714
0 0.03125 0.09391534391534391 0.018849206349206348 0.018518518518518517
0 0.9603174603174603 0.06415343915343916 0.06349206349206349 0.0701058201058201
0 0.7867063492063492 0.03439153439153439 0.05555555555555555 0.06084656084656084
0 0.8377976190476191 0.007275132275132275 0.044642857142857144 0.011904761904761904
