0 0.8134920634920635 0.5456349206349206 0.021825396825396824 0.03306878306878307
0 0.7371031746031746 0.5542328042328042 0.04563492063492063 0.0582010582010582
0 0.5982142857142857 0.533068783068783 0.047619047619047616 0.031746031746031744
0 0.9652777777777778 0.49404761904761907 0.04365079365079365 0.041005291005291
0 0.8288690476190477 0.4708994708994709 0.0248015873015873 0.0291005291005291
0 0.14186507936507936 0.4497354497354497 0.015873015873015872 0.021164021164021163
0 0.4751984126984127 0.5152116402116402 0.10317460317460317 0.17063492063492064
0 0.24206349206349206 0.44576719576719576 0.023809523809523808 0.031746031746031744
0 0.6130952380952381 0.41865079365079366 0.03968253968253968 0.046296296296296294
0 0.6944444444444444 0.3783068783068783 0.011904761904761904 0.026455026455026454
0 0.18253968253968253 0.30158730158730157 0.06547619047619048 0.06613756613756613
0 0.6989087301587301 0.1832010582010582 0.01488095238095238 0.011904761904761904
0 0.7490079365079365 0.29365079365079366 0.12896825396825398 0.24867724867724866
0 0.6994047619047619 0.1455026455026455 0.05555555555555555 0.05291005291005291
0 0.9900793650793651 0.10978835978835978 0.01984126984126984 0.0291005291005291
