0 0.12946428571428573 0.5026455026455027 0.03869047619047619 0.05555555555555555
0 0.6264880952380952 0.5046296296296297 0.05853174603174603 0.09391534391534391
0 0.5540674603174603 0.41005291005291006 0.09623015873015874 0.12962962962962962
0 0.17807539682539683 0.3862433862433862 0.0882936507936508 0.12433862433862433
0 0.3373015873015873 0.3101851851851852 0.03571428571428571 0.056878306878306875
0 0.14682539682539683 0.26455026455026454 0.021825396825396824 0.026455026455026454
0 0.37549603174603174 0.26455026455026454 0.044642857142857144 0.07142857142857142
0 0.002976190476190476 0.23082010582010581 0.005952380952380952 0.027777777777777776
0 0.3115079365079365 0.16335978835978837 0.015873015873015872 0.022486772486772486
0 0.4573412698412698 0.03505291005291005 0.037698412698412696 0.06481481481481481
