0 0.6026785714285714 0.47156084656084657 0.04861111111111111 0.0701058201058201
0 0.5342261904761905 0.5231481481481481 0.09424603174603174 0.18386243386243387
0 0.5778769841269841 0.4351851851851852 0.03273809523809524 0.042328042328042326
0 0.4176587301587302 0.3994708994708995 0.007936507936507936 0.010582010582010581
0 0.41021825396825395 0.38955026455026454 0.000992063492063492 0.0013227513227513227
0 0.29563492063492064 0.4451058201058201 0.07341269841269842 0.12037037037037036
0 0.4072420634920635 0.3783068783068783 0.016865079365079364 0.018518518518518517
0 0.49950396825396826 0.3862433862433862 0.05257936507936508 0.08465608465608465
0 0.21676587301587302 0.24867724867724866 0.04861111111111111 0.04497354497354497
0 0.46130952380952384 0.23941798941798942 0.09722222222222222 0.10052910052910052
0 0.5902777777777778 0.21164021164021163 0.10912698412698413 0.10052910052910052
0 0.654265873015873 0.13822751322751323 0.018849206349206348 0.017195767195767195
0 0.6364087301587301 0.14087301587301587 0.0248015873015873 0.02513227513227513
0 0.3115079365079365 0.09457671957671958 0.027777777777777776 0.01455026455026455
0 0.3353174603174603 0.08796296296296297 0.003968253968253968 0.006613756613756613
0 0.3645833333333333 0.05489417989417989 0.000992063492063492 0.0013227513227513227
0 0.3382936507936508 0.061507936507936505 0.005952380952380952 0.02513227513227513
0 0.35912698412698413 0.05489417989417989 0.011904761904761904 0.022486772486772486
0 0.29365079365079366 0.052248677248677246 0.01984126984126984 0.022486772486772486
0 0.3794642857142857 0.05092592592592592 0.028769841269841268 0.03571428571428571
