0 0.6537698412698413 0.5066137566137566 0.06746031746031746 0.09788359788359788
0 0.691468253968254 0.4470899470899471 0.001984126984126984 0.0026455026455026454
0 0.010912698412698412 0.47619047619047616 0.021825396825396824 0.06613756613756613
0 0.6909722222222222 0.455026455026455 0.020833333333333332 0.031746031746031744
0 0.6785714285714286 0.4384920634920635 0.02976190476190476 0.03306878306878307
0 0.5654761904761905 0.4298941798941799 0.0992063492063492 0.11904761904761904
0 0.07886904761904762 0.3525132275132275 0.020833333333333332 0.022486772486772486
0 0.21031746031746032 0.32605820105820105 0.057539682539682536 0.0992063492063492
0 0.00248015873015873 0.2566137566137566 0.00496031746031746 0.018518518518518517
0 0.7023809523809523 0.2638888888888889 0.06349206349206349 0.09126984126984126
0 0.22718253968253968 0.09193121693121693 0.041666666666666664 0.04894179894179894
