0 0.4885912698412698 0.5667989417989417 0.054563492063492064 0.10185185185185185
0 0.17410714285714285 0.5932539682539683 0.09623015873015874 0.17592592592592593
0 0.06448412698412699 0.5542328042328042 0.05952380952380952 0.10317460317460317
0 0.5823412698412699 0.5515873015873016 0.05952380952380952 0.12169312169312169
0 0.6646825396825397 0.5257936507936508 0.04563492063492063 0.08333333333333333
0 0.7366071428571429 0.4973544973544973 0.10615079365079365 0.19047619047619047
0 0.9002976190476191 0.3412698412698413 0.050595238095238096 0.0582010582010582
0 0.7916666666666666 0.23346560846560846 0.08333333333333333 0.08862433862433862
0 0.7881944444444444 0.17394179894179895 0.06448412698412699 0.03042328042328042
0 0.8824404761904762 0.13293650793650794 0.0248015873015873 0.03042328042328042
