0 0.49255952380952384 0.6481481481481481 0.040674603174603176 0.082010582010582
0 0.7757936507936508 0.6349206349206349 0.06349206349206349 0.10846560846560846
0 0.6676587301587301 0.666005291005291 0.0873015873015873 0.17857142857142858
0 0.5128968253968254 0.5667989417989417 0.025793650793650792 0.08068783068783068
0 0.4662698412698413 0.5628306878306878 0.05555555555555555 0.08333333333333333
0 0.4558531746031746 0.4444444444444444 0.034722222222222224 0.03439153439153439
0 0.5565476190476191 0.4603174603174603 0.10515873015873016 0.19576719576719576
0 0.8700396825396826 0.3029100529100529 0.057539682539682536 0.0582010582010582
0 0.6403769841269841 0.23214285714285715 0.000992063492063492 0.0013227513227513227
0 0.6478174603174603 0.2208994708994709 0.007936507936507936 0.013227513227513227
0 0.5962301587301587 0.21031746031746032 0.08531746031746032 0.11375661375661375
