0 0.34672619047619047 0.5787037037037037 0.000992063492063492 0.0013227513227513227
0 0.34970238095238093 0.576058201058201 0.000992063492063492 0.0013227513227513227
0 0.3531746031746032 0.5727513227513228 0.001984126984126984 0.0026455026455026454
0 0.35615079365079366 0.5701058201058201 0.001984126984126984 0.0026455026455026454
0 0.3814484126984127 0.5390211640211641 0.000992063492063492 0.0013227513227513227
0 0.38244047619047616 0.5363756613756614 0.000992063492063492 0.0013227513227513227
0 0.3834325396825397 0.5337301587301587 0.000992063492063492 0.0013227513227513227
0 0.3740079365079365 0.5509259259259259 0.031746031746031744 0.03571428571428571
0 0.3844246031746032 0.531084656084656 0.000992063492063492 0.0013227513227513227
0 0.3864087301587302 0.5244708994708994 0.000992063492063492 0.0013227513227513227
0 0.38740079365079366 0.5218253968253969 0.000992063492063492 0.0013227513227513227
0 0.7083333333333334 0.5687830687830688 0.07738095238095238 0.13227513227513227
0 0.3194444444444444 0.5416666666666666 0.09126984126984126 0.11507936507936507
0 0.36755952380952384 0.4556878306878307 0.000992063492063492 0.0013227513227513227
0 0.41418650793650796 0.44642857142857145 0.1001984126984127 0.19444444444444445
0 0.3715277777777778 0.3955026455026455 0.09821428571428571 0.14814814814814814
0 0.5625 0.4470899470899471 0.19444444444444445 0.5132275132275133
