0 0.45882936507936506 0.7394179894179894 0.07043650793650794 0.13227513227513227
0 0.9935515873015873 0.7255291005291006 0.012896825396825396 0.10714285714285714
0 0.41418650793650796 0.5773809523809523 0.01488095238095238 0.041005291005291
0 0.36061507936507936 0.6759259259259259 0.12996031746031747 0.2751322751322751
0 0.6418650793650794 0.6342592592592593 0.29563492063492064 0.44841269841269843
0 0.8015873015873016 0.32407407407407407 0.12103174603174603 0.10582010582010581
0 0.6686507936507936 0.2757936507936508 0.013888888888888888 0.03042328042328042
0 0.9682539682539683 0.2208994708994709 0.015873015873015872 0.023809523809523808
0 0.7619047619047619 0.210978835978836 0.01984126984126984 0.03306878306878307
0 0.9623015873015873 0.14682539682539683 0.025793650793650792 0.037037037037037035
0 0.6170634920634921 0.13425925925925927 0.04563492063492063 0.03571428571428571
0 0.5530753968253969 0.12698412698412698 0.05654761904761905 0.03439153439153439
0 0.5550595238095238 0.08796296296296297 0.03869047619047619 0.041005291005291
0 0.22073412698412698 0.02976190476190476 0.000992063492063492 0.0013227513227513227
0 0.21875 0.028439153439153438 0.000992063492063492 0.0013227513227513227
0 0.30158730158730157 0.021164021164021163 0.021825396825396824 0.023809523809523808
0 0.22470238095238096 0.018518518518518517 0.006944444444444444 0.037037037037037035
0 0.21279761904761904 0.013888888888888888 0.008928571428571428 0.027777777777777776
0 0.18799603174603174 0.056216931216931214 0.034722222222222224 0.11243386243386243
