0 0.6944444444444444 0.8121693121693122 0.01984126984126984 0.0291005291005291
0 0.7053571428571429 0.794973544973545 0.001984126984126984 0.0026455026455026454
0 0.7078373015873016 0.7903439153439153 0.000992063492063492 0.0013227513227513227
0 0.7579365079365079 0.7698412698412699 0.03968253968253968 0.0582010582010582
0 0.7455357142857143 0.7387566137566137 0.000992063492063492 0.0013227513227513227
0 0.7445436507936508 0.7361111111111112 0.000992063492063492 0.0013227513227513227
0 0.7435515873015873 0.7321428571428571 0.000992063492063492 0.0013227513227513227
0 0.7425595238095238 0.7294973544973545 0.000992063492063492 0.0013227513227513227
0 0.7415674603174603 0.7268518518518519 0.000992063492063492 0.0013227513227513227
0 0.7405753968253969 0.7242063492063492 0.000992063492063492 0.0013227513227513227
0 0.7385912698412699 0.716931216931217 0.018849206349206348 0.023809523809523808
0 0.5233134920634921 0.5998677248677249 0.10615079365079365 0.1865079365079365
0 0.7346230158730159 0.39351851851851855 0.026785714285714284 0.03571428571428571
0 0.6314484126984127 0.3683862433862434 0.002976190476190476 0.0013227513227513227
0 0.6398809523809523 0.36706349206349204 0.001984126984126984 0.0013227513227513227
0 0.6488095238095238 0.36574074074074076 0.001984126984126984 0.0013227513227513227
0 0.6572420634920635 0.3644179894179894 0.000992063492063492 0.0013227513227513227
0 0.6661706349206349 0.3630952380952381 0.000992063492063492 0.0013227513227513227
0 0.6750992063492064 0.36177248677248675 0.000992063492063492 0.0013227513227513227
0 0.6840277777777778 0.36044973544973546 0.000992063492063492 0.0013227513227513227
0 0.6929563492063492 0.35912698412698413 0.000992063492063492 0.0013227513227513227
0 0.7013888888888888 0.3578042328042328 0.001984126984126984 0.0013227513227513227
0 0.7103174603174603 0.35648148148148145 0.001984126984126984 0.0013227513227513227
0 0.7192460317460317 0.3551587301587302 0.001984126984126984 0.0013227513227513227
0 0.7276785714285714 0.35383597883597884 0.002976190476190476 0.0013227513227513227
0 0.7390873015873016 0.3478835978835979 0.00992063492063492 0.018518518518518517
0 0.6552579365079365 0.47354497354497355 0.16567460317460317 0.291005291005291
0 0.4806547619047619 0.35383597883597884 0.1636904761904762 0.22883597883597884
