0 0.5997023809523809 0.5079365079365079 0.08432539682539683 0.15873015873015872
0 0.6944444444444444 0.43783068783068785 0.07142857142857142 0.10846560846560846
0 0.9201388888888888 0.3955026455026455 0.05257936507936508 0.06084656084656084
0 0.7018849206349206 0.3406084656084656 0.000992063492063492 0.0013227513227513227
0 0.7048611111111112 0.33796296296296297 0.000992063492063492 0.0013227513227513227
0 0.7078373015873016 0.3353174603174603 0.000992063492063492 0.0013227513227513227
0 0.6810515873015873 0.3505291005291005 0.034722222222222224 0.047619047619047616
0 0.2614087301587302 0.3419312169312169 0.04662698412698413 0.05423280423280423
0 0.5853174603174603 0.3194444444444444 0.06746031746031746 0.12566137566137567
0 0.6750992063492064 0.27976190476190477 0.10218253968253968 0.11243386243386243
0 0.5223214285714286 0.10515873015873016 0.018849206349206348 0.04894179894179894
0 0.5788690476190477 0.10251322751322751 0.03869047619047619 0.062169312169312166
0 0.5391865079365079 0.08267195767195767 0.020833333333333332 0.027777777777777776
0 0.4246031746031746 0.022486772486772486 0.047619047619047616 0.04497354497354497
0 0.3898809523809524 0.00992063492063492 0.017857142857142856 0.01984126984126984
0 0.3804563492063492 0.0026455026455026454 0.010912698412698412 0.005291005291005291
