0 0.7222222222222222 0.5363756613756614 0.09126984126984126 0.16534391534391535
0 0.4826388888888889 0.544973544973545 0.10813492063492064 0.2777777777777778
0 0.38839285714285715 0.416005291005291 0.09226190476190477 0.19444444444444445
0 0.8551587301587301 0.3326719576719577 0.061507936507936505 0.04894179894179894
0 0.5367063492063492 0.22552910052910052 0.03373015873015873 0.03835978835978836
0 0.9910714285714286 0.08134920634920635 0.017857142857142856 0.03042328042328042
0 0.8973214285714286 0.057539682539682536 0.012896825396825396 0.017195767195767195
0 0.1974206349206349 0.08994708994708994 0.061507936507936505 0.0873015873015873
0 0.9409722222222222 0.05952380952380952 0.044642857142857144 0.05026455026455026
0 0.8159722222222222 0.03968253968253968 0.028769841269841268 0.03439153439153439
