0 0.6329365079365079 0.36706349206349204 0.017857142857142856 0.011904761904761904
0 0.7534722222222222 0.3968253968253968 0.0625 0.082010582010582
0 0.59375 0.36772486772486773 0.028769841269841268 0.026455026455026454
0 0.6215277777777778 0.3505291005291005 0.0248015873015873 0.023809523809523808
0 0.6324404761904762 0.3306878306878307 0.03273809523809524 0.021164021164021163
0 0.6165674603174603 0.31812169312169314 0.000992063492063492 0.0013227513227513227
0 0.6185515873015873 0.3167989417989418 0.000992063492063492 0.0013227513227513227
0 0.7356150793650794 0.3306878306878307 0.018849206349206348 0.031746031746031744
0 0.6205357142857143 0.31547619047619047 0.000992063492063492 0.0013227513227513227
0 0.6076388888888888 0.32142857142857145 0.01488095238095238 0.015873015873015872
0 0.6116071428571429 0.2843915343915344 0.018849206349206348 0.015873015873015872
0 0.9226190476190477 0.11838624338624339 0.013888888888888888 0.01455026455026455
0 0.9935515873015873 0.07208994708994709 0.012896825396825396 0.017195767195767195
