0 0.6334325396825397 0.41798941798941797 0.0763888888888889 0.15343915343915343
0 0.6929563492063492 0.36507936507936506 0.04265873015873016 0.05555555555555555
0 0.8660714285714286 0.32936507936507936 0.023809523809523808 0.03439153439153439
0 0.4662698412698413 0.39285714285714285 0.25992063492063494 0.25132275132275134
0 0.6741071428571429 0.2777777777777778 0.028769841269841268 0.037037037037037035
0 0.8268849206349206 0.2698412698412698 0.020833333333333332 0.031746031746031744
0 0.8968253968253969 0.2123015873015873 0.03571428571428571 0.02513227513227513
0 0.5595238095238095 0.19907407407407407 0.027777777777777776 0.03835978835978836
0 0.814484126984127 0.17724867724867724 0.041666666666666664 0.04497354497354497
0 0.8725198412698413 0.16600529100529102 0.020833333333333332 0.041005291005291
