0 0.33978174603174605 0.501984126984127 0.018849206349206348 0.017195767195767195
0 0.5168650793650794 0.47685185185185186 0.01984126984126984 0.022486772486772486
0 0.9176587301587301 0.4444444444444444 0.017857142857142856 0.031746031746031744
0 0.2857142857142857 0.4252645502645503 0.04365079365079365 0.06481481481481481
0 0.5922619047619048 0.40343915343915343 0.09325396825396826 0.1402116402116402
0 0.8819444444444444 0.2705026455026455 0.041666666666666664 0.046296296296296294
0 0.9836309523809523 0.22023809523809523 0.030753968253968252 0.051587301587301584
0 0.7291666666666666 0.12169312169312169 0.021825396825396824 0.021164021164021163
0 0.2777777777777778 0.1078042328042328 0.01984126984126984 0.03571428571428571
0 0.8774801587301587 0.06547619047619048 0.04662698412698413 0.06746031746031746
