0 0.5233134920634921 0.3915343915343915 0.044642857142857144 0.047619047619047616
0 0.5114087301587301 0.3419312169312169 0.026785714285714284 0.03306878306878307
0 0.6904761904761905 0.3683862433862434 0.06746031746031746 0.08862433862433862
0 0.42410714285714285 0.333994708994709 0.028769841269841268 0.03571428571428571
0 0.7713293650793651 0.2705026455026455 0.0248015873015873 0.03571428571428571
0 0.8422619047619048 0.24603174603174602 0.051587301587301584 0.047619047619047616
0 0.35466269841269843 0.21825396825396826 0.018849206349206348 0.023809523809523808
0 0.7256944444444444 0.15343915343915343 0.0248015873015873 0.0291005291005291
0 0.8675595238095238 0.1574074074074074 0.04265873015873016 0.03968253968253968
0 0.18154761904761904 0.13822751322751323 0.023809523809523808 0.022486772486772486
0 0.3318452380952381 0.12433862433862433 0.034722222222222224 0.031746031746031744
0 0.501984126984127 0.05291005291005291 0.03571428571428571 0.0291005291005291
0 0.8298611111111112 0.016534391534391533 0.008928571428571428 0.017195767195767195
