0 0.6850198412698413 0.6216931216931217 0.034722222222222224 0.037037037037037035
0 0.8080357142857143 0.4173280423280423 0.04861111111111111 0.046296296296296294
0 0.6259920634920635 0.4001322751322751 0.02976190476190476 0.03571428571428571
0 0.03422619047619048 0.3544973544973545 0.026785714285714284 0.031746031746031744
0 0.37648809523809523 0.36772486772486773 0.11805555555555555 0.16666666666666666
0 0.14484126984126985 0.082010582010582 0.06547619047619048 0.047619047619047616
0 0.714781746031746 0.06283068783068783 0.022817460317460316 0.022486772486772486
0 0.14732142857142858 0.047619047619047616 0.05654761904761905 0.018518518518518517
0 0.23809523809523808 0.009259259259259259 0.01984126984126984 0.018518518518518517
0 0.21726190476190477 0.001984126984126984 0.013888888888888888 0.003968253968253968
