0 0.9821428571428571 0.6276455026455027 0.03571428571428571 0.062169312169312166
0 0.9866071428571429 0.5423280423280423 0.026785714285714284 0.07142857142857142
0 0.7271825396825397 0.5601851851851852 0.07936507936507936 0.12301587301587301
0 0.5877976190476191 0.5482804232804233 0.16765873015873015 0.167989417989418
0 0.6845238095238095 0.4775132275132275 0.027777777777777776 0.03968253968253968
0 0.39384920634920634 0.460978835978836 0.03571428571428571 0.05423280423280423
0 0.5451388888888888 0.45634920634920634 0.03273809523809524 0.06084656084656084
0 0.47271825396825395 0.4887566137566138 0.09623015873015874 0.14417989417989419
0 0.6939484126984127 0.25992063492063494 0.0744047619047619 0.10185185185185185
0 0.8655753968253969 0.22883597883597884 0.1498015873015873 0.1402116402116402
0 0.7663690476190477 0.16997354497354497 0.07043650793650794 0.0701058201058201
0 0.14087301587301587 0.03505291005291005 0.011904761904761904 0.01455026455026455
