0 0.2673611111111111 0.5059523809523809 0.000992063492063492 0.0013227513227513227
0 0.2698412698412698 0.5092592592592593 0.03373015873015873 0.013227513227513227
0 0.2683531746031746 0.501984126984127 0.000992063492063492 0.0013227513227513227
0 0.2693452380952381 0.498015873015873 0.000992063492063492 0.0013227513227513227
0 0.27033730158730157 0.49404761904761907 0.000992063492063492 0.0013227513227513227
0 0.27132936507936506 0.49007936507936506 0.000992063492063492 0.0013227513227513227
0 0.3506944444444444 0.5529100529100529 0.06845238095238096 0.13227513227513227
0 0.27232142857142855 0.4861111111111111 0.000992063492063492 0.0013227513227513227
0 0.27331349206349204 0.48214285714285715 0.000992063492063492 0.0013227513227513227
0 0.2743055555555556 0.4781746031746032 0.000992063492063492 0.0013227513227513227
0 0.2802579365079365 0.4556878306878307 0.000992063492063492 0.0013227513227513227
0 0.28125 0.45171957671957674 0.000992063492063492 0.0013227513227513227
0 0.2822420634920635 0.44775132275132273 0.000992063492063492 0.0013227513227513227
0 0.283234126984127 0.4437830687830688 0.000992063492063492 0.0013227513227513227
0 0.28422619047619047 0.4398148148148148 0.000992063492063492 0.0013227513227513227
0 0.28521825396825395 0.43584656084656087 0.000992063492063492 0.0013227513227513227
0 0.28621031746031744 0.43187830687830686 0.000992063492063492 0.0013227513227513227
0 0.28720238095238093 0.4279100529100529 0.000992063492063492 0.0013227513227513227
0 0.5173611111111112 0.5535714285714286 0.14583333333333334 0.3637566137566138
0 0.29117063492063494 0.41798941798941797 0.09424603174603174 0.1164021164021164
0 0.6359126984126984 0.39285714285714285 0.09325396825396826 0.18783068783068782
