0 0.7817460317460317 0.5906084656084656 0.17261904761904762 0.14417989417989419
0 0.33581349206349204 0.5621693121693122 0.09424603174603174 0.10052910052910052
0 0.3194444444444444 0.4695767195767196 0.061507936507936505 0.05555555555555555
0 0.7232142857142857 0.4755291005291005 0.07142857142857142 0.0701058201058201
0 0.16418650793650794 0.3835978835978836 0.03273809523809524 0.03968253968253968
0 0.32341269841269843 0.35714285714285715 0.025793650793650792 0.023809523809523808
0 0.251984126984127 0.3544973544973545 0.04365079365079365 0.026455026455026454
0 0.25496031746031744 0.333994708994709 0.001984126984126984 0.0013227513227513227
0 0.10615079365079365 0.3386243386243386 0.015873015873015872 0.010582010582010581
0 0.09424603174603174 0.333994708994709 0.005952380952380952 0.003968253968253968
0 0.24305555555555555 0.3353174603174603 0.01984126984126984 0.011904761904761904
0 0.09672619047619048 0.32341269841269843 0.030753968253968252 0.011904761904761904
0 0.2822420634920635 0.32142857142857145 0.012896825396825396 0.013227513227513227
