0 0.8358134920634921 0.5383597883597884 0.06646825396825397 0.10052910052910052
0 0.6671626984126984 0.5476190476190477 0.09424603174603174 0.17724867724867724
0 0.7490079365079365 0.4662698412698413 0.047619047619047616 0.05423280423280423
0 0.37648809523809523 0.4437830687830688 0.01488095238095238 0.01455026455026455
0 0.5808531746031746 0.453042328042328 0.06845238095238096 0.10449735449735449
0 0.15674603174603174 0.4074074074074074 0.05555555555555555 0.06084656084656084
0 0.4935515873015873 0.3921957671957672 0.040674603174603176 0.046296296296296294
0 0.48462301587301587 0.3498677248677249 0.006944444444444444 0.011904761904761904
0 0.9588293650793651 0.3531746031746032 0.03670634920634921 0.042328042328042326
0 0.4751984126984127 0.3247354497354497 0.0496031746031746 0.051587301587301584
0 0.7063492063492064 0.11574074074074074 0.041666666666666664 0.046296296296296294
0 0.6661706349206349 0.10846560846560846 0.026785714285714284 0.037037037037037035
