0 0.6721230158730159 0.6157407407407407 0.13194444444444445 0.294973544973545
0 0.777281746031746 0.31547619047619047 0.12996031746031747 0.16534391534391535
0 0.2534722222222222 0.21891534391534392 0.04861111111111111 0.056878306878306875
0 0.32589285714285715 0.08664021164021164 0.000992063492063492 0.0013227513227513227
0 0.33878968253968256 0.07076719576719577 0.000992063492063492 0.0013227513227513227
0 0.33978174603174605 0.06812169312169312 0.000992063492063492 0.0013227513227513227
0 0.34077380952380953 0.06415343915343916 0.000992063492063492 0.0013227513227513227
0 0.341765873015873 0.05886243386243386 0.000992063492063492 0.0013227513227513227
0 0.3427579365079365 0.05357142857142857 0.000992063492063492 0.0013227513227513227
0 0.3447420634920635 0.025793650793650792 0.000992063492063492 0.003968253968253968
0 0.3209325396825397 0.05357142857142857 0.04861111111111111 0.0701058201058201
