0 0.5024801587301587 0.7162698412698413 0.000992063492063492 0.0013227513227513227
0 0.49950396825396826 0.707010582010582 0.000992063492063492 0.0013227513227513227
0 0.527281746031746 0.7486772486772487 0.044642857142857144 0.08994708994708994
0 0.5863095238095238 0.7228835978835979 0.04365079365079365 0.06481481481481481
0 0.7916666666666666 0.6812169312169312 0.07142857142857142 0.082010582010582
0 0.7643849206349206 0.5886243386243386 0.03670634920634921 0.04497354497354497
0 0.5858134920634921 0.6025132275132276 0.03273809523809524 0.09126984126984126
0 0.5198412698412699 0.6243386243386243 0.09722222222222222 0.15873015873015872
0 0.28422619047619047 0.5542328042328042 0.07242063492063493 0.19576719576719576
0 0.45535714285714285 0.43187830687830686 0.017857142857142856 0.08068783068783068
0 0.43799603174603174 0.3802910052910053 0.000992063492063492 0.0013227513227513227
0 0.3854166666666667 0.5119047619047619 0.13194444444444445 0.2804232804232804
0 0.8348214285714286 0.10317460317460317 0.016865079365079364 0.031746031746031744
0 0.05654761904761905 0.031746031746031744 0.04365079365079365 0.06349206349206349
0 0.01636904761904762 0.023148148148148147 0.03273809523809524 0.046296296296296294
