0 0.970734126984127 0.7619047619047619 0.05853174603174603 0.09788359788359788
0 0.9171626984126984 0.7123015873015873 0.050595238095238096 0.08597883597883597
0 0.595734126984127 0.6924603174603174 0.09821428571428571 0.17592592592592593
0 0.9766865079365079 0.6481481481481481 0.04662698412698413 0.10846560846560846
0 0.35367063492063494 0.5952380952380952 0.1001984126984127 0.12962962962962962
0 0.47023809523809523 0.6150793650793651 0.11507936507936507 0.20105820105820105
0 0.19593253968253968 0.4166666666666667 0.07837301587301587 0.09788359788359788
0 0.3923611111111111 0.30092592592592593 0.12797619047619047 0.12037037037037036
0 0.9697420634920635 0.21296296296296297 0.060515873015873016 0.05291005291005291
0 0.41418650793650796 0.18121693121693122 0.018849206349206348 0.031746031746031744
0 0.5148809523809523 0.15806878306878308 0.04365079365079365 0.051587301587301584
