0 0.5887896825396826 0.6322751322751323 0.0882936507936508 0.15343915343915343
0 0.45337301587301587 0.5357142857142857 0.1130952380952381 0.20634920634920634
0 0.7529761904761905 0.5119047619047619 0.125 0.1931216931216931
0 0.33382936507936506 0.42857142857142855 0.08630952380952381 0.09259259259259259
0 0.2058531746031746 0.4054232804232804 0.04861111111111111 0.056878306878306875
0 0.8983134920634921 0.2638888888888889 0.04265873015873016 0.041005291005291
0 0.10714285714285714 0.26521164021164023 0.037698412698412696 0.056878306878306875
0 0.24603174603174602 0.21626984126984128 0.01984126984126984 0.02513227513227513
0 0.17708333333333334 0.21825396825396826 0.034722222222222224 0.042328042328042326
0 0.15823412698412698 0.19642857142857142 0.000992063492063492 0.0013227513227513227
0 0.15625 0.19246031746031747 0.000992063492063492 0.0013227513227513227
0 0.16865079365079366 0.18584656084656084 0.001984126984126984 0.0013227513227513227
0 0.1572420634920635 0.1746031746031746 0.012896825396825396 0.023809523809523808
0 0.1875 0.17394179894179895 0.027777777777777776 0.03042328042328042
0 0.08630952380952381 0.15476190476190477 0.015873015873015872 0.015873015873015872
0 0.8313492063492064 0.16137566137566137 0.06547619047619048 0.07671957671957672
0 0.17807539682539683 0.00992063492063492 0.04265873015873016 0.01984126984126984
