0 0.5208333333333334 0.6931216931216931 0.013888888888888888 0.023809523809523808
0 0.9117063492063492 0.6726190476190477 0.015873015873015872 0.027777777777777776
0 0.5987103174603174 0.7242063492063492 0.07242063492063493 0.1335978835978836
0 0.9806547619047619 0.7162698412698413 0.03869047619047619 0.15476190476190477
0 0.4816468253968254 0.7281746031746031 0.14384920634920634 0.21296296296296297
0 0.1949404761904762 0.6415343915343915 0.0744047619047619 0.11375661375661375
0 0.017857142857142856 0.47354497354497355 0.03571428571428571 0.07936507936507936
0 0.2916666666666667 0.3994708994708995 0.005952380952380952 0.0026455026455026454
0 0.2802579365079365 0.4113756613756614 0.030753968253968252 0.05026455026455026
0 0.8125 0.2466931216931217 0.1527777777777778 0.15476190476190477
0 0.6711309523809523 0.051587301587301584 0.050595238095238096 0.026455026455026454
