0 0.7916666666666666 0.6263227513227513 0.02976190476190476 0.03835978835978836
0 0.38392857142857145 0.6157407407407407 0.041666666666666664 0.04365079365079365
0 0.6393849206349206 0.5952380952380952 0.06646825396825397 0.1455026455026455
0 0.9122023809523809 0.47023809523809523 0.026785714285714284 0.04365079365079365
0 0.5347222222222222 0.49404761904761907 0.11706349206349206 0.1970899470899471
0 0.26587301587301587 0.15211640211640212 0.06349206349206349 0.06613756613756613
0 0.2693452380952381 0.06415343915343916 0.028769841269841268 0.027777777777777776
0 0.9151785714285714 0.08597883597883597 0.08035714285714286 0.07671957671957672
0 0.9260912698412699 0.03373015873015873 0.000992063492063492 0.0013227513227513227
0 0.9146825396825397 0.03902116402116402 0.017857142857142856 0.01455026455026455
0 0.8958333333333334 0.037698412698412696 0.00992063492063492 0.011904761904761904
0 0.9310515873015873 0.028439153439153438 0.000992063492063492 0.0013227513227513227
0 0.9360119047619048 0.022486772486772486 0.020833333333333332 0.013227513227513227
