0 0.8189484126984127 0.6144179894179894 0.000992063492063492 0.0013227513227513227
0 0.8199404761904762 0.6051587301587301 0.000992063492063492 0.003968253968253968
0 0.8308531746031746 0.5257936507936508 0.000992063492063492 0.003968253968253968
0 0.8318452380952381 0.5205026455026455 0.000992063492063492 0.003968253968253968
0 0.8328373015873016 0.5138888888888888 0.000992063492063492 0.003968253968253968
0 0.8338293650793651 0.5059523809523809 0.000992063492063492 0.006613756613756613
0 0.8328373015873016 0.49867724867724866 0.000992063492063492 0.0026455026455026454
0 0.4290674603174603 0.531084656084656 0.05853174603174603 0.08862433862433862
0 0.8298611111111112 0.4808201058201058 0.000992063492063492 0.0013227513227513227
0 0.7673611111111112 0.5621693121693122 0.1259920634920635 0.20105820105820105
0 0.810515873015873 0.4669312169312169 0.03571428571428571 0.031746031746031744
0 0.6041666666666666 0.4794973544973545 0.19642857142857142 0.34523809523809523
0 0.37450396825396826 0.4080687830687831 0.15575396825396826 0.2896825396825397
0 0.5391865079365079 0.14484126984126985 0.03869047619047619 0.03835978835978836
0 0.9489087301587301 0.011243386243386243 0.05257936507936508 0.022486772486772486
0 0.8650793650793651 0.021825396825396824 0.0496031746031746 0.04365079365079365
