0 0.46577380952380953 0.47685185185185186 0.36607142857142855 0.294973544973545
0 0.65625 0.3273809523809524 0.0625 0.09126984126984126
0 0.30952380952380953 0.2830687830687831 0.07142857142857142 0.07936507936507936
0 0.2931547619047619 0.2003968253968254 0.04662698412698413 0.041005291005291
0 0.3308531746031746 0.15674603174603174 0.10813492063492064 0.07804232804232804
0 0.19593253968253968 0.057539682539682536 0.000992063492063492 0.0013227513227513227
0 0.1939484126984127 0.056216931216931214 0.000992063492063492 0.0013227513227513227
0 0.2013888888888889 0.057539682539682536 0.007936507936507936 0.009259259259259259
0 0.17609126984126985 0.041666666666666664 0.000992063492063492 0.0013227513227513227
0 0.17410714285714285 0.04034391534391534 0.000992063492063492 0.0013227513227513227
0 0.7926587301587301 0.04563492063492063 0.021825396825396824 0.027777777777777776
0 0.19246031746031747 0.027777777777777776 0.04365079365079365 0.05555555555555555
0 0.1636904761904762 0.017195767195767195 0.00992063492063492 0.03439153439153439
