0 0.008432539682539682 0.5297619047619048 0.016865079365079364 0.056878306878306875
0 0.8625992063492064 0.5171957671957672 0.05257936507936508 0.06349206349206349
0 0.470734126984127 0.4312169312169312 0.03273809523809524 0.03968253968253968
0 0.9439484126984127 0.419973544973545 0.044642857142857144 0.056878306878306875
0 0.04861111111111111 0.39880952380952384 0.015873015873015872 0.017195767195767195
0 0.08581349206349206 0.41335978835978837 0.022817460317460316 0.07804232804232804
0 0.014384920634920634 0.3783068783068783 0.028769841269841268 0.03968253968253968
0 0.8273809523809523 0.37367724867724866 0.09722222222222222 0.11507936507936507
0 0.053075396825396824 0.28835978835978837 0.040674603174603176 0.042328042328042326
0 0.7162698412698413 0.22685185185185186 0.03571428571428571 0.01455026455026455
0 0.7177579365079365 0.1917989417989418 0.06448412698412699 0.06084656084656084
0 0.716765873015873 0.07275132275132275 0.020833333333333332 0.026455026455026454
