0 0.310515873015873 0.5085978835978836 0.03373015873015873 0.03835978835978836
0 0.46577380952380953 0.5238095238095238 0.11011904761904762 0.22486772486772486
0 0.06646825396825397 0.4312169312169312 0.06547619047619048 0.11904761904761904
0 0.6989087301587301 0.44246031746031744 0.09424603174603174 0.16005291005291006
0 0.8348214285714286 0.25396825396825395 0.034722222222222224 0.042328042328042326
0 0.8070436507936508 0.17394179894179895 0.022817460317460316 0.017195767195767195
0 0.8139880952380952 0.1541005291005291 0.016865079365079364 0.02513227513227513
0 0.9737103174603174 0.037037037037037035 0.05257936507936508 0.07407407407407407
0 0.966765873015873 0.0006613756613756613 0.006944444444444444 0.0013227513227513227
0 0.9523809523809523 0.010582010582010581 0.01984126984126984 0.021164021164021163
0 0.9270833333333334 0.023148148148148147 0.044642857142857144 0.046296296296296294
0 0.2961309523809524 0.041005291005291 0.13194444444444445 0.082010582010582
