0 0.7609126984126984 0.4054232804232804 0.02976190476190476 0.022486772486772486
0 0.5749007936507936 0.3948412698412698 0.09821428571428571 0.14947089947089948
0 0.8725198412698413 0.2665343915343915 0.044642857142857144 0.04894179894179894
0 0.41517857142857145 0.2414021164021164 0.07837301587301587 0.11772486772486772
0 0.2400793650793651 0.18518518518518517 0.04365079365079365 0.03439153439153439
0 0.3005952380952381 0.15476190476190477 0.04563492063492063 0.0291005291005291
0 0.8402777777777778 0.10515873015873016 0.05357142857142857 0.0701058201058201
0 0.29365079365079366 0.09986772486772487 0.09523809523809523 0.09126984126984126
0 0.8690476190476191 0.06084656084656084 0.01984126984126984 0.03439153439153439
0 0.8665674603174603 0.03835978835978836 0.054563492063492064 0.042328042328042326
