0 0.32688492063492064 0.6382275132275133 0.11011904761904762 0.1970899470899471
0 0.7237103174603174 0.5912698412698413 0.09424603174603174 0.164021164021164
0 0.7544642857142857 0.48677248677248675 0.026785714285714284 0.03439153439153439
0 0.7385912698412699 0.4781746031746032 0.006944444444444444 0.03042328042328042
0 0.09871031746031746 0.48677248677248675 0.09027777777777778 0.12698412698412698
0 0.5257936507936508 0.4576719576719577 0.051587301587301584 0.08465608465608465
0 0.44146825396825395 0.46164021164021163 0.08531746031746032 0.16137566137566137
0 0.7048611111111112 0.414021164021164 0.05257936507936508 0.07407407407407407
0 0.6235119047619048 0.45171957671957674 0.08630952380952381 0.1917989417989418
0 0.8348214285714286 0.40145502645502645 0.08035714285714286 0.13095238095238096
0 0.5119047619047619 0.21957671957671956 0.07142857142857142 0.09788359788359788
0 0.9494047619047619 0.10648148148148148 0.04365079365079365 0.051587301587301584
0 0.7301587301587301 0.07936507936507936 0.037698412698412696 0.05291005291005291
