0 0.38740079365079366 0.6865079365079365 0.006944444444444444 0.007936507936507936
0 0.3933531746031746 0.6779100529100529 0.000992063492063492 0.0013227513227513227
0 0.18601190476190477 0.6779100529100529 0.020833333333333332 0.009259259259259259
0 0.39732142857142855 0.6633597883597884 0.000992063492063492 0.0013227513227513227
0 0.39831349206349204 0.6593915343915344 0.000992063492063492 0.0013227513227513227
0 0.40128968253968256 0.6488095238095238 0.000992063492063492 0.0013227513227513227
0 0.40228174603174605 0.6448412698412699 0.000992063492063492 0.0013227513227513227
0 0.2916666666666667 0.7123015873015873 0.08333333333333333 0.14682539682539683
0 0.4052579365079365 0.6342592592592593 0.000992063492063492 0.0013227513227513227
0 0.40625 0.6302910052910053 0.000992063492063492 0.0013227513227513227
0 0.16815476190476192 0.6276455026455027 0.000992063492063492 0.0013227513227513227
0 0.1671626984126984 0.621031746031746 0.000992063492063492 0.0013227513227513227
0 0.1661706349206349 0.6137566137566137 0.000992063492063492 0.0026455026455026454
0 0.16517857142857142 0.6071428571428571 0.000992063492063492 0.0026455026455026454
0 0.38740079365079366 0.5582010582010583 0.0625 0.12962962962962962
0 0.31299603174603174 0.5178571428571429 0.018849206349206348 0.07275132275132275
0 0.22767857142857142 0.5462962962962963 0.12797619047619047 0.1349206349206349
0 0.5138888888888888 0.4398148148148148 0.11706349206349206 0.25
0 0.9692460317460317 0.4470899470899471 0.061507936507936505 0.2857142857142857
0 0.6101190476190477 0.28174603174603174 0.015873015873015872 0.026455026455026454
