0 0.7956349206349206 0.6150793650793651 0.06746031746031746 0.10582010582010581
0 0.46875 0.542989417989418 0.000992063492063492 0.0013227513227513227
0 0.47271825396825395 0.5390211640211641 0.000992063492063492 0.0013227513227513227
0 0.47668650793650796 0.53505291005291 0.000992063492063492 0.0013227513227513227
0 0.8313492063492064 0.5257936507936508 0.023809523809523808 0.03835978835978836
0 0.43898809523809523 0.5317460317460317 0.04265873015873016 0.07671957671957672
0 0.4935515873015873 0.46164021164021163 0.000992063492063492 0.005291005291005291
0 0.4945436507936508 0.4451058201058201 0.000992063492063492 0.0013227513227513227
0 0.36755952380952384 0.43253968253968256 0.05853174603174603 0.06613756613756613
0 0.714781746031746 0.35119047619047616 0.000992063492063492 0.0013227513227513227
0 0.4751984126984127 0.39021164021164023 0.09523809523809523 0.08465608465608465
0 0.7127976190476191 0.3458994708994709 0.000992063492063492 0.0013227513227513227
0 0.6101190476190477 0.5052910052910053 0.30753968253968256 0.328042328042328
0 0.6800595238095238 0.32275132275132273 0.0625 0.042328042328042326
0 0.6264880952380952 0.32407407407407407 0.05257936507936508 0.04497354497354497
