0 0.6959325396825397 0.6197089947089947 0.000992063492063492 0.0013227513227513227
0 0.691468253968254 0.6150793650793651 0.001984126984126984 0.0026455026455026454
0 0.6865079365079365 0.6097883597883598 0.001984126984126984 0.0026455026455026454
0 0.6815476190476191 0.6044973544973545 0.001984126984126984 0.0026455026455026454
0 0.7048611111111112 0.6104497354497355 0.01488095238095238 0.02513227513227513
0 0.6765873015873016 0.5992063492063492 0.001984126984126984 0.0026455026455026454
0 0.6755952380952381 0.5787037037037037 0.01984126984126984 0.03042328042328042
0 0.7152777777777778 0.5707671957671958 0.047619047619047616 0.0701058201058201
0 0.375 0.5701058201058201 0.0873015873015873 0.17724867724867724
0 0.5183531746031746 0.5853174603174603 0.13988095238095238 0.2208994708994709
0 0.8893849206349206 0.5085978835978836 0.06646825396825397 0.0992063492063492
0 0.11458333333333333 0.4451058201058201 0.000992063492063492 0.0013227513227513227
0 0.09077380952380952 0.4642857142857143 0.04861111111111111 0.0582010582010582
0 0.08085317460317461 0.43253968253968256 0.006944444444444444 0.005291005291005291
0 0.7113095238095238 0.47023809523809523 0.027777777777777776 0.08862433862433862
0 0.07886904761904762 0.42724867724867727 0.000992063492063492 0.0026455026455026454
0 0.6552579365079365 0.49603174603174605 0.0882936507936508 0.1455026455026455
0 0.0798611111111111 0.42394179894179895 0.000992063492063492 0.0013227513227513227
0 0.08085317460317461 0.419973544973545 0.000992063492063492 0.0013227513227513227
0 0.0818452380952381 0.416005291005291 0.000992063492063492 0.0013227513227513227
0 0.3263888888888889 0.43783068783068785 0.06547619047619048 0.12698412698412698
0 0.14136904761904762 0.4808201058201058 0.11408730158730158 0.22883597883597884
0 0.11408730158730158 0.4027777777777778 0.06349206349206349 0.07539682539682539
0 0.9077380952380952 0.3406084656084656 0.02976190476190476 0.03835978835978836
