0 0.40625 0.4503968253968254 0.03273809523809524 0.051587301587301584
0 0.5049603174603174 0.4226190476190476 0.03968253968253968 0.062169312169312166
0 0.4583333333333333 0.421957671957672 0.07142857142857142 0.14285714285714285
0 0.36061507936507936 0.3869047619047619 0.0882936507936508 0.14417989417989419
0 0.5545634920634921 0.3525132275132275 0.06746031746031746 0.09656084656084656
0 0.028273809523809524 0.32076719576719576 0.03273809523809524 0.04365079365079365
0 0.3149801587301587 0.31216931216931215 0.044642857142857144 0.05291005291005291
0 0.04365079365079365 0.24537037037037038 0.0496031746031746 0.05423280423280423
0 0.7380952380952381 0.22486772486772486 0.07539682539682539 0.06349206349206349
0 0.4181547619047619 0.17261904761904762 0.03273809523809524 0.056878306878306875
0 0.6106150793650794 0.15145502645502645 0.060515873015873016 0.0701058201058201
0 0.7921626984126984 0.08465608465608465 0.008928571428571428 0.018518518518518517
0 0.9915674603174603 0.07473544973544974 0.016865079365079364 0.04365079365079365
0 0.8824404761904762 0.03505291005291005 0.000992063492063492 0.0013227513227513227
0 0.8556547619047619 0.03439153439153439 0.05257936507936508 0.031746031746031744
0 0.8214285714285714 0.03571428571428571 0.03571428571428571 0.037037037037037035
0 0.8516865079365079 0.015873015873015872 0.0625 0.031746031746031744
0 0.8110119047619048 0.0026455026455026454 0.00496031746031746 0.005291005291005291
