0 0.27132936507936506 0.5886243386243386 0.000992063492063492 0.0026455026455026454
0 0.8000992063492064 0.6329365079365079 0.03670634920634921 0.09391534391534391
0 0.27033730158730157 0.5767195767195767 0.000992063492063492 0.0026455026455026454
0 0.25049603174603174 0.5535714285714286 0.03869047619047619 0.046296296296296294
0 0.2604166666666667 0.6626984126984127 0.2509920634920635 0.30952380952380953
0 0.1111111111111111 0.38293650793650796 0.023809523809523808 0.03571428571428571
0 0.030257936507936508 0.25925925925925924 0.060515873015873016 0.12433862433862433
0 0.18154761904761904 0.24074074074074073 0.14087301587301587 0.14285714285714285
0 0.18551587301587302 0.18121693121693122 0.023809523809523808 0.026455026455026454
0 0.15823412698412698 0.15806878306878308 0.026785714285714284 0.027777777777777776
0 0.32589285714285715 0.0205026455026455 0.054563492063492064 0.041005291005291
