0 0.23412698412698413 0.5912698412698413 0.03968253968253968 0.06349206349206349
0 0.43353174603174605 0.5978835978835979 0.04563492063492063 0.082010582010582
0 0.5674603174603174 0.5846560846560847 0.08134920634920635 0.16137566137566137
0 0.6825396825396826 0.531084656084656 0.06944444444444445 0.08068783068783068
0 0.5773809523809523 0.4312169312169312 0.07142857142857142 0.1111111111111111
0 0.12698412698412698 0.3611111111111111 0.03571428571428571 0.037037037037037035
0 0.19345238095238096 0.36772486772486773 0.0873015873015873 0.08465608465608465
0 0.7549603174603174 0.3002645502645503 0.03373015873015873 0.03968253968253968
0 0.279265873015873 0.25727513227513227 0.03273809523809524 0.04365079365079365
0 0.018849206349206348 0.25066137566137564 0.027777777777777776 0.03835978835978836
0 0.7271825396825397 0.22817460317460317 0.04365079365079365 0.06481481481481481
0 0.014384920634920634 0.20304232804232805 0.028769841269841268 0.03306878306878307
0 0.6026785714285714 0.21494708994708994 0.060515873015873016 0.05952380952380952
0 0.14831349206349206 0.18055555555555555 0.028769841269841268 0.03571428571428571
0 0.029265873015873016 0.14484126984126985 0.05853174603174603 0.06481481481481481
0 0.03125 0.1078042328042328 0.00496031746031746 0.006613756613756613
0 0.014384920634920634 0.11044973544973545 0.022817460317460316 0.02513227513227513
