0 0.5982142857142857 0.5535714285714286 0.07142857142857142 0.12301587301587301
0 0.7023809523809523 0.5138888888888888 0.10515873015873016 0.17328042328042328
0 0.41865079365079366 0.49537037037037035 0.11507936507936507 0.18121693121693122
0 0.14136904761904762 0.2837301587301587 0.000992063492063492 0.0013227513227513227
0 0.18998015873015872 0.29563492063492064 0.026785714285714284 0.03835978835978836
0 0.11607142857142858 0.2718253968253968 0.047619047619047616 0.041005291005291
0 0.12202380952380952 0.25132275132275134 0.05952380952380952 0.05555555555555555
0 0.8268849206349206 0.13955026455026456 0.044642857142857144 0.06481481481481481
0 0.25744047619047616 0.004629629629629629 0.008928571428571428 0.009259259259259259
0 0.21478174603174602 0.016534391534391533 0.060515873015873016 0.03306878306878307
