0 0.4260912698412698 0.6554232804232805 0.000992063492063492 0.0013227513227513227
0 0.4255952380952381 0.6488095238095238 0.007936507936507936 0.009259259259259259
0 0.46081349206349204 0.7261904761904762 0.09821428571428571 0.1693121693121693
0 0.3368055555555556 0.6832010582010583 0.05654761904761905 0.08862433862433862
0 0.44841269841269843 0.5945767195767195 0.1130952380952381 0.17592592592592593
0 0.44345238095238093 0.4444444444444444 0.061507936507936505 0.09523809523809523
0 0.6279761904761905 0.4669312169312169 0.17261904761904762 0.32275132275132273
0 0.26240079365079366 0.1746031746031746 0.026785714285714284 0.037037037037037035
0 0.8759920634920635 0.1111111111111111 0.05357142857142857 0.0291005291005291
0 0.22718253968253968 0.0291005291005291 0.0496031746031746 0.05291005291005291
