0 0.7430555555555556 0.6435185185185185 0.06746031746031746 0.11772486772486772
0 0.4965277777777778 0.6256613756613757 0.06646825396825397 0.1164021164021164
0 0.5734126984126984 0.6091269841269841 0.07738095238095238 0.14153439153439154
0 0.2509920634920635 0.4054232804232804 0.05357142857142857 0.07804232804232804
0 0.3705357142857143 0.5105820105820106 0.13194444444444445 0.32275132275132273
0 0.6041666666666666 0.31812169312169314 0.001984126984126984 0.0013227513227513227
0 0.13938492063492064 0.3664021164021164 0.10416666666666667 0.164021164021164
0 0.623015873015873 0.3637566137566138 0.0496031746031746 0.19576719576719576
0 0.560515873015873 0.3472222222222222 0.08333333333333333 0.17592592592592593
0 0.5689484126984127 0.1865079365079365 0.06448412698412699 0.09523809523809523
0 0.39037698412698413 0.14484126984126985 0.026785714285714284 0.041005291005291
0 0.8616071428571429 0.026455026455026454 0.10813492063492064 0.05291005291005291
