0 0.7673611111111112 0.3869047619047619 0.020833333333333332 0.009259259259259259
0 0.7584325396825397 0.38293650793650796 0.000992063492063492 0.0013227513227513227
0 0.7564484126984127 0.3505291005291005 0.03273809523809524 0.03439153439153439
0 0.34077380952380953 0.31084656084656087 0.08234126984126984 0.17195767195767195
0 0.4623015873015873 0.2777777777777778 0.07738095238095238 0.16666666666666666
0 0.2544642857142857 0.19775132275132276 0.0763888888888889 0.10978835978835978
0 0.17609126984126985 0.12896825396825398 0.050595238095238096 0.06481481481481481
0 0.48115079365079366 0.08994708994708994 0.031746031746031744 0.042328042328042326
0 0.20238095238095238 0.02513227513227513 0.017857142857142856 0.018518518518518517
0 0.1909722222222222 0.016534391534391533 0.000992063492063492 0.0013227513227513227
0 0.1572420634920635 0.016534391534391533 0.050595238095238096 0.03306878306878307
