0 0.6666666666666666 0.42394179894179895 0.061507936507936505 0.08068783068783068
0 0.5555555555555556 0.37037037037037035 0.023809523809523808 0.03439153439153439
0 0.6235119047619048 0.3392857142857143 0.028769841269841268 0.03306878306878307
0 0.5535714285714286 0.31746031746031744 0.02976190476190476 0.037037037037037035
0 0.4697420634920635 0.4305555555555556 0.33035714285714285 0.31613756613756616
0 0.2524801587301587 0.21891534391534392 0.030753968253968252 0.03835978835978836
0 0.1939484126984127 0.10383597883597884 0.0248015873015873 0.03306878306878307
0 0.07589285714285714 0.07142857142857142 0.026785714285714284 0.0291005291005291
0 0.07936507936507936 0.052248677248677246 0.03968253968253968 0.01984126984126984
0 0.310515873015873 0.027777777777777776 0.051587301587301584 0.05555555555555555
