0 0.5208333333333334 0.6018518518518519 0.037698412698412696 0.05291005291005291
0 0.4131944444444444 0.4107142857142857 0.000992063492063492 0.0013227513227513227
0 0.41021825396825395 0.4041005291005291 0.000992063492063492 0.0013227513227513227
0 0.40575396825396826 0.3968253968253968 0.001984126984126984 0.0026455026455026454
0 0.4017857142857143 0.3783068783068783 0.03571428571428571 0.031746031746031744
0 0.3020833333333333 0.45105820105820105 0.16964285714285715 0.2037037037037037
0 0.439484126984127 0.34854497354497355 0.021825396825396824 0.011904761904761904
0 0.4419642857142857 0.3406084656084656 0.000992063492063492 0.0013227513227513227
0 0.4439484126984127 0.3392857142857143 0.000992063492063492 0.0013227513227513227
0 0.4459325396825397 0.33796296296296297 0.000992063492063492 0.0013227513227513227
0 0.4479166666666667 0.33664021164021163 0.000992063492063492 0.0013227513227513227
0 0.44990079365079366 0.3353174603174603 0.000992063492063492 0.0013227513227513227
0 0.45188492063492064 0.333994708994709 0.000992063492063492 0.0013227513227513227
0 0.4538690476190476 0.3326719576719577 0.000992063492063492 0.0013227513227513227
0 0.4558531746031746 0.33134920634920634 0.000992063492063492 0.0013227513227513227
0 0.45882936507936506 0.3287037037037037 0.000992063492063492 0.0013227513227513227
0 0.46081349206349204 0.3273809523809524 0.000992063492063492 0.0013227513227513227
0 0.46279761904761907 0.32605820105820105 0.000992063492063492 0.0013227513227513227
0 0.4677579365079365 0.3306878306878307 0.008928571428571428 0.021164021164021163
0 0.15575396825396826 0.421957671957672 0.11904761904761904 0.2275132275132275
0 0.3239087301587302 0.3253968253968254 0.04265873015873016 0.05026455026455026
0 0.4806547619047619 0.3948412698412698 0.18551587301587302 0.31613756613756616
0 0.26339285714285715 0.22883597883597884 0.016865079365079364 0.010582010582010581
0 0.2708333333333333 0.30224867724867727 0.10515873015873016 0.16005291005291006
0 0.23115079365079366 0.23148148148148148 0.031746031746031744 0.03439153439153439
0 0.8358134920634921 0.23346560846560846 0.10416666666666667 0.16534391534391535
0 0.4201388888888889 0.06481481481481481 0.028769841269841268 0.03439153439153439
0 0.09672619047619048 0.03968253968253968 0.022817460317460316 0.026455026455026454
