0 0.12202380952380952 0.701058201058201 0.04365079365079365 0.05555555555555555
0 0.21031746031746032 0.7764550264550265 0.1349206349206349 0.2328042328042328
0 0.49007936507936506 0.6759259259259259 0.12301587301587301 0.21693121693121692
0 0.9955357142857143 0.22156084656084657 0.008928571428571428 0.01455026455026455
0 0.904265873015873 0.20965608465608465 0.000992063492063492 0.0013227513227513227
0 0.9340277777777778 0.20965608465608465 0.054563492063492064 0.022486772486772486
0 0.9270833333333334 0.18584656084656084 0.08432539682539683 0.04365079365079365
0 0.8963293650793651 0.16071428571428573 0.05257936507936508 0.027777777777777776
0 0.9890873015873016 0.16071428571428573 0.01984126984126984 0.03042328042328042
0 0.8784722222222222 0.14351851851851852 0.000992063492063492 0.0013227513227513227
0 0.8869047619047619 0.12764550264550265 0.027777777777777776 0.022486772486772486
0 0.9861111111111112 0.1164021164021164 0.007936507936507936 0.007936507936507936
0 0.9806547619047619 0.11044973544973545 0.000992063492063492 0.0013227513227513227
0 0.9786706349206349 0.10648148148148148 0.000992063492063492 0.0013227513227513227
0 0.9766865079365079 0.10251322751322751 0.000992063492063492 0.0013227513227513227
0 0.9781746031746031 0.09457671957671958 0.015873015873015872 0.011904761904761904
0 0.9479166666666666 0.10185185185185185 0.028769841269841268 0.031746031746031744
0 0.9866071428571429 0.08531746031746032 0.000992063492063492 0.0013227513227513227
0 0.8844246031746031 0.0873015873015873 0.022817460317460316 0.010582010582010581
0 0.9930555555555556 0.07671957671957672 0.011904761904761904 0.013227513227513227
0 0.9955357142857143 0.0667989417989418 0.000992063492063492 0.0013227513227513227
0 0.9985119047619048 0.06481481481481481 0.002976190476190476 0.0026455026455026454
0 0.9221230158730159 0.06944444444444445 0.020833333333333332 0.03306878306878307
0 0.9221230158730159 0.0496031746031746 0.000992063492063492 0.0013227513227513227
0 0.9290674603174603 0.046957671957671955 0.000992063492063492 0.0013227513227513227
0 0.9360119047619048 0.04431216931216931 0.000992063492063492 0.0013227513227513227
0 0.964781746031746 0.05423280423280423 0.006944444444444444 0.03439153439153439
0 0.9632936507936508 0.037698412698412696 0.001984126984126984 0.0013227513227513227
0 0.9558531746031746 0.04828042328042328 0.008928571428571428 0.022486772486772486
0 0.9722222222222222 0.036375661375661374 0.001984126984126984 0.0013227513227513227
0 0.9776785714285714 0.03505291005291005 0.000992063492063492 0.0013227513227513227
0 0.9895833333333334 0.046296296296296294 0.020833333333333332 0.026455026455026454
