0 0.6314484126984127 0.5535714285714286 0.000992063492063492 0.0013227513227513227
0 0.6294642857142857 0.5522486772486772 0.000992063492063492 0.0013227513227513227
0 0.6245039682539683 0.5482804232804233 0.000992063492063492 0.0013227513227513227
0 0.6195436507936508 0.5443121693121693 0.000992063492063492 0.0013227513227513227
0 0.6175595238095238 0.542989417989418 0.000992063492063492 0.0013227513227513227
0 0.6145833333333334 0.5403439153439153 0.000992063492063492 0.0013227513227513227
0 0.6125992063492064 0.5390211640211641 0.000992063492063492 0.0013227513227513227
0 0.5362103174603174 0.49933862433862436 0.000992063492063492 0.0013227513227513227
0 0.53125 0.4861111111111111 0.000992063492063492 0.0013227513227513227
0 0.6567460317460317 0.5185185185185185 0.06746031746031746 0.11375661375661375
0 0.503968253968254 0.5271164021164021 0.12698412698412698 0.14682539682539683
0 0.623015873015873 0.49007936507936506 0.031746031746031744 0.08862433862433862
0 0.714781746031746 0.41203703703703703 0.000992063492063492 0.0013227513227513227
0 0.9290674603174603 0.39351851851851855 0.000992063492063492 0.0013227513227513227
0 0.9270833333333334 0.38955026455026454 0.000992063492063492 0.0013227513227513227
0 0.9250992063492064 0.3855820105820106 0.000992063492063492 0.0013227513227513227
0 0.9241071428571429 0.38293650793650796 0.000992063492063492 0.0013227513227513227
0 0.8878968253968254 0.4728835978835979 0.09722222222222222 0.18915343915343916
0 0.9176587301587301 0.3783068783068783 0.00992063492063492 0.010582010582010581
0 0.7594246031746031 0.4947089947089947 0.13194444444444445 0.24603174603174602
0 0.27380952380952384 0.42394179894179895 0.2619047619047619 0.4166666666666667
0 0.11805555555555555 0.13293650793650794 0.031746031746031744 0.03571428571428571
0 0.7172619047619048 0.1712962962962963 0.07738095238095238 0.13095238095238096
