0 0.7733134920634921 0.5958994708994709 0.10416666666666667 0.167989417989418
0 0.6245039682539683 0.453042328042328 0.000992063492063492 0.0013227513227513227
0 0.1775793650793651 0.48743386243386244 0.03571428571428571 0.0701058201058201
0 0.6205357142857143 0.44642857142857145 0.000992063492063492 0.0013227513227513227
0 0.6155753968253969 0.4384920634920635 0.000992063492063492 0.0013227513227513227
0 0.6488095238095238 0.4523809523809524 0.04365079365079365 0.042328042328042326
0 0.6056547619047619 0.4212962962962963 0.000992063492063492 0.0013227513227513227
0 0.6046626984126984 0.41865079365079366 0.000992063492063492 0.0013227513227513227
0 0.6121031746031746 0.42394179894179895 0.011904761904761904 0.017195767195767195
0 0.5411706349206349 0.453042328042328 0.09623015873015874 0.14682539682539683
0 0.6096230158730159 0.39351851851851855 0.026785714285714284 0.046296296296296294
0 0.7132936507936508 0.3558201058201058 0.047619047619047616 0.06349206349206349
0 0.3382936507936508 0.4027777777777778 0.1388888888888889 0.23941798941798942
0 0.3784722222222222 0.2837301587301587 0.000992063492063492 0.0013227513227513227
0 0.32341269841269843 0.3373015873015873 0.11507936507936507 0.16666666666666666
0 0.9880952380952381 0.21825396825396826 0.023809523809523808 0.06878306878306878
0 0.27728174603174605 0.17261904761904762 0.07043650793650794 0.0701058201058201
