0 0.5853174603174603 0.4503968253968254 0.1388888888888889 0.15211640211640212
0 0.36408730158730157 0.39351851851851855 0.027777777777777776 0.04365079365079365
0 0.42658730158730157 0.4656084656084656 0.1626984126984127 0.2698412698412698
0 0.2941468253968254 0.3439153439153439 0.05257936507936508 0.07936507936507936
0 0.8561507936507936 0.2843915343915344 0.05952380952380952 0.07671957671957672
0 0.3382936507936508 0.0958994708994709 0.021825396825396824 0.03835978835978836
0 0.33878968253968256 0.06944444444444445 0.000992063492063492 0.0013227513227513227
0 0.30257936507936506 0.0873015873015873 0.06944444444444445 0.082010582010582
0 0.042162698412698416 0.01455026455026455 0.03670634920634921 0.0291005291005291
0 0.012896825396825396 0.013888888888888888 0.025793650793650792 0.027777777777777776
