0 0.5367063492063492 0.5138888888888888 0.05357142857142857 0.09126984126984126
0 0.45188492063492064 0.5264550264550265 0.09226190476190477 0.1693121693121693
0 0.020833333333333332 0.3630952380952381 0.041666666666666664 0.06746031746031746
0 0.6101190476190477 0.45634920634920634 0.1488095238095238 0.2724867724867725
0 0.7891865079365079 0.19113756613756613 0.15575396825396826 0.15211640211640212
0 0.6760912698412699 0.0582010582010582 0.05257936507936508 0.04497354497354497
0 0.09821428571428571 0.03571428571428571 0.025793650793650792 0.007936507936507936
0 0.1130952380952381 0.03042328042328042 0.001984126984126984 0.0026455026455026454
0 0.1185515873015873 0.021825396825396824 0.000992063492063492 0.0013227513227513227
0 0.5575396825396826 0.018518518518518517 0.03373015873015873 0.0291005291005291
0 0.5922619047619048 0.015873015873015872 0.037698412698412696 0.031746031746031744
0 0.06398809523809523 0.046957671957671955 0.12797619047619047 0.09391534391534391
