0 0.45337301587301587 0.705026455026455 0.10515873015873016 0.20899470899470898
0 0.6334325396825397 0.5621693121693122 0.000992063492063492 0.0026455026455026454
0 0.6324404761904762 0.5436507936507936 0.000992063492063492 0.005291005291005291
0 0.6820436507936508 0.5376984126984127 0.000992063492063492 0.0013227513227513227
0 0.41865079365079366 0.5152116402116402 0.047619047619047616 0.0701058201058201
0 0.6919642857142857 0.5833333333333334 0.12202380952380952 0.21428571428571427
0 0.1840277777777778 0.4887566137566138 0.03869047619047619 0.04894179894179894
0 0.5128968253968254 0.5548941798941799 0.08928571428571429 0.1917989417989418
0 0.27628968253968256 0.4027777777777778 0.022817460317460316 0.027777777777777776
0 0.14583333333333334 0.34854497354497355 0.017857142857142856 0.01455026455026455
0 0.49702380952380953 0.40343915343915343 0.08928571428571429 0.1349206349206349
0 0.7256944444444444 0.34656084656084657 0.028769841269841268 0.042328042328042326
0 0.5386904761904762 0.22486772486772486 0.023809523809523808 0.03968253968253968
0 0.6755952380952381 0.13624338624338625 0.013888888888888888 0.010582010582010581
0 0.6800595238095238 0.12632275132275134 0.000992063492063492 0.0013227513227513227
0 0.6820436507936508 0.08796296296296297 0.000992063492063492 0.0013227513227513227
0 0.6765873015873016 0.07671957671957672 0.00992063492063492 0.007936507936507936
0 0.061507936507936505 0.08134920634920635 0.03373015873015873 0.02513227513227513
0 0.6354166666666666 0.10714285714285714 0.1001984126984127 0.09523809523809523
