0 0.5069444444444444 0.5218253968253969 0.1111111111111111 0.1626984126984127
0 0.33382936507936506 0.4398148148148148 0.07837301587301587 0.10449735449735449
0 0.006448412698412698 0.3783068783068783 0.012896825396825396 0.0582010582010582
0 0.6259920634920635 0.3994708994708995 0.08333333333333333 0.12433862433862433
0 0.5451388888888888 0.3776455026455027 0.06646825396825397 0.10449735449735449
0 0.28125 0.35185185185185186 0.07043650793650794 0.082010582010582
0 0.7633928571428571 0.32341269841269843 0.12202380952380952 0.13095238095238096
0 0.6775793650793651 0.2751322751322751 0.037698412698412696 0.037037037037037035
0 0.05357142857142857 0.3115079365079365 0.09126984126984126 0.11507936507936507
0 0.14285714285714285 0.2619047619047619 0.0992063492063492 0.13227513227513227
0 0.8080357142857143 0.2261904761904762 0.07242063492063493 0.08465608465608465
0 0.14186507936507936 0.09854497354497355 0.03571428571428571 0.04365079365079365
0 0.1974206349206349 0.09523809523809523 0.07539682539682539 0.10582010582010581
0 0.1463293650793651 0.05026455026455026 0.044642857142857144 0.04497354497354497
