0 0.39732142857142855 0.48214285714285715 0.000992063492063492 0.0013227513227513227
0 0.44742063492063494 0.4880952380952381 0.03373015873015873 0.04497354497354497
0 0.4201388888888889 0.45701058201058203 0.000992063492063492 0.0013227513227513227
0 0.4131944444444444 0.4444444444444444 0.012896825396825396 0.021164021164021163
0 0.41121031746031744 0.42658730158730157 0.000992063492063492 0.0013227513227513227
0 0.41021825396825395 0.41534391534391535 0.000992063492063492 0.0026455026455026454
0 0.4905753968253968 0.4027777777777778 0.006944444444444444 0.006613756613756613
0 0.49603174603174605 0.39880952380952384 0.001984126984126984 0.0013227513227513227
0 0.40625 0.3921957671957672 0.006944444444444444 0.027777777777777776
0 0.40029761904761907 0.375 0.000992063492063492 0.0013227513227513227
0 0.3943452380952381 0.36904761904761907 0.00496031746031746 0.005291005291005291
0 0.5456349206349206 0.48148148148148145 0.13293650793650794 0.2724867724867725
0 0.2961309523809524 0.4636243386243386 0.1875 0.24206349206349206
0 0.6413690476190477 0.3505291005291005 0.05257936507936508 0.082010582010582
0 0.7306547619047619 0.3201058201058201 0.0248015873015873 0.03439153439153439
0 0.3318452380952381 0.30092592592592593 0.05853174603174603 0.08068783068783068
0 0.06349206349206349 0.25793650793650796 0.07539682539682539 0.09788359788359788
0 0.1984126984126984 0.21825396825396826 0.03373015873015873 0.037037037037037035
0 0.7152777777777778 0.20502645502645503 0.14484126984126985 0.12962962962962962
0 0.1527777777777778 0.04828042328042328 0.007936507936507936 0.01455026455026455
0 0.16170634920634921 0.02976190476190476 0.007936507936507936 0.03835978835978836
0 0.7514880952380952 0.021164021164021163 0.054563492063492064 0.042328042328042326
