0 0.49603174603174605 0.623015873015873 0.07738095238095238 0.15343915343915343
0 0.6200396825396826 0.5833333333333334 0.0496031746031746 0.07936507936507936
0 0.6091269841269841 0.43386243386243384 0.025793650793650792 0.03439153439153439
0 0.8844246031746031 0.30423280423280424 0.06646825396825397 0.10052910052910052
0 0.7752976190476191 0.2698412698412698 0.030753968253968252 0.037037037037037035
0 0.8090277777777778 0.13690476190476192 0.000992063492063492 0.0013227513227513227
0 0.8268849206349206 0.14285714285714285 0.034722222222222224 0.031746031746031744
0 0.8060515873015873 0.11970899470899471 0.01488095238095238 0.01455026455026455
0 0.783234126984127 0.1130952380952381 0.034722222222222224 0.046296296296296294
0 0.8169642857142857 0.07539682539682539 0.03273809523809524 0.03968253968253968
