0 0.43700396825396826 0.45701058201058203 0.10615079365079365 0.18915343915343916
0 0.15823412698412698 0.32605820105820105 0.000992063492063492 0.0013227513227513227
0 0.1572420634920635 0.31812169312169314 0.000992063492063492 0.0013227513227513227
0 0.15625 0.3115079365079365 0.000992063492063492 0.0013227513227513227
0 0.15426587301587302 0.296957671957672 0.000992063492063492 0.0013227513227513227
0 0.28125 0.294973544973545 0.000992063492063492 0.0026455026455026454
0 0.15228174603174602 0.2824074074074074 0.000992063492063492 0.0013227513227513227
0 0.2802579365079365 0.2757936507936508 0.000992063492063492 0.003968253968253968
0 0.27132936507936506 0.27314814814814814 0.016865079365079364 0.009259259259259259
0 0.2152777777777778 0.33201058201058203 0.13293650793650794 0.21164021164021163
0 0.24603174603174602 0.22552910052910052 0.02976190476190476 0.041005291005291
0 0.2197420634920635 0.20171957671957672 0.000992063492063492 0.0013227513227513227
0 0.20734126984126985 0.2003968253968254 0.001984126984126984 0.0013227513227513227
0 0.1949404761904762 0.2175925925925926 0.018849206349206348 0.03571428571428571
