0 0.4340277777777778 0.2810846560846561 0.000992063492063492 0.0013227513227513227
0 0.44146825396825395 0.27843915343915343 0.007936507936507936 0.006613756613756613
0 0.42509920634920634 0.27314814814814814 0.006944444444444444 0.01455026455026455
0 0.5734126984126984 0.31216931216931215 0.06746031746031746 0.1111111111111111
0 0.5059523809523809 0.26851851851851855 0.04563492063492063 0.023809523809523808
0 0.529265873015873 0.2552910052910053 0.000992063492063492 0.0026455026455026454
0 0.5302579365079365 0.24603174603174602 0.000992063492063492 0.0026455026455026454
0 0.4409722222222222 0.22156084656084657 0.000992063492063492 0.0013227513227513227
0 0.4880952380952381 0.20899470899470898 0.0873015873015873 0.06084656084656084
0 0.7068452380952381 0.2665343915343915 0.19543650793650794 0.2261904761904762
