0 0.35813492063492064 0.7288359788359788 0.1130952380952381 0.21164021164021163
0 0.2078373015873016 0.7341269841269841 0.12996031746031747 0.24074074074074073
0 0.6512896825396826 0.7162698412698413 0.3125 0.33994708994708994
0 0.3869047619047619 0.4966931216931217 0.013888888888888888 0.03835978835978836
0 0.4260912698412698 0.5476190476190477 0.15773809523809523 0.18783068783068782
0 0.9231150793650794 0.38095238095238093 0.03869047619047619 0.07142857142857142
0 0.7202380952380952 0.18981481481481483 0.10317460317460317 0.10978835978835978
0 0.7559523809523809 0.15873015873015872 0.09523809523809523 0.12698412698412698
0 0.7038690476190477 0.032407407407407406 0.06448412698412699 0.04894179894179894
0 0.2564484126984127 0.0006613756613756613 0.002976190476190476 0.0013227513227513227
0 0.23214285714285715 0.013227513227513227 0.03373015873015873 0.026455026455026454
