0 0.5629960317460317 0.6018518518518519 0.034722222222222224 0.031746031746031744
0 0.5798611111111112 0.583994708994709 0.000992063492063492 0.0013227513227513227
0 0.5768849206349206 0.5615079365079365 0.000992063492063492 0.0013227513227513227
0 0.5069444444444444 0.6144179894179894 0.061507936507936505 0.10978835978835978
0 0.4945436507936508 0.49007936507936506 0.006944444444444444 0.017195767195767195
0 0.5024801587301587 0.4755291005291005 0.000992063492063492 0.0013227513227513227
0 0.5401785714285714 0.501984126984127 0.06845238095238096 0.09656084656084656
0 0.25049603174603174 0.4742063492063492 0.040674603174603176 0.056878306878306875
0 0.3869047619047619 0.5535714285714286 0.17261904761904762 0.24206349206349206
0 0.20337301587301587 0.3835978835978836 0.041666666666666664 0.047619047619047616
0 0.5421626984126984 0.373015873015873 0.060515873015873016 0.12962962962962962
0 0.28918650793650796 0.3194444444444444 0.04662698412698413 0.05952380952380952
0 0.32142857142857145 0.375 0.1111111111111111 0.17328042328042328
0 0.45634920634920634 0.3194444444444444 0.037698412698412696 0.08333333333333333
0 0.49603174603174605 0.30357142857142855 0.03968253968253968 0.056878306878306875
0 0.7857142857142857 0.31084656084656087 0.09126984126984126 0.18253968253968253
0 0.5471230158730159 0.18915343915343916 0.018849206349206348 0.031746031746031744
