0 0.3506944444444444 0.7175925925925926 0.0744047619047619 0.12301587301587301
0 0.4523809523809524 0.7175925925925926 0.1349206349206349 0.17592592592592593
0 0.16021825396825398 0.6011904761904762 0.0744047619047619 0.09656084656084656
0 0.5004960317460317 0.5363756613756614 0.09027777777777778 0.15211640211640212
0 0.24206349206349206 0.5244708994708994 0.125 0.1970899470899471
0 0.628968253968254 0.2896825396825397 0.07738095238095238 0.0873015873015873
0 0.0818452380952381 0.2552910052910053 0.05257936507936508 0.06613756613756613
0 0.7356150793650794 0.25462962962962965 0.12797619047619047 0.1335978835978836
0 0.022321428571428572 0.09325396825396826 0.044642857142857144 0.027777777777777776
0 0.4895833333333333 0.07605820105820106 0.03670634920634921 0.02513227513227513
0 0.03720238095238095 0.05489417989417989 0.000992063492063492 0.0013227513227513227
0 0.5625 0.04497354497354497 0.021825396825396824 0.023809523809523808
0 0.032242063492063495 0.032407407407407406 0.000992063492063492 0.0013227513227513227
0 0.015376984126984126 0.02513227513227513 0.030753968253968252 0.021164021164021163
