0 0.7375992063492064 0.6626984126984127 0.10416666666666667 0.21957671957671956
0 0.061507936507936505 0.5740740740740741 0.08928571428571429 0.15079365079365079
0 0.9429563492063492 0.453042328042328 0.05853174603174603 0.0701058201058201
0 0.7961309523809523 0.14351851851851852 0.01488095238095238 0.01455026455026455
0 0.8373015873015873 0.14087301587301587 0.025793650793650792 0.027777777777777776
0 0.8745039682539683 0.12367724867724868 0.008928571428571428 0.011904761904761904
0 0.8611111111111112 0.12169312169312169 0.015873015873015872 0.021164021164021163
0 0.7986111111111112 0.10846560846560846 0.037698412698412696 0.037037037037037035
0 0.2787698412698413 0.13095238095238096 0.1765873015873016 0.15608465608465608
0 0.8715277777777778 0.07936507936507936 0.0248015873015873 0.05555555555555555
