0 0.6686507936507936 0.7037037037037037 0.06547619047619048 0.11904761904761904
0 0.43700396825396826 0.66005291005291 0.026785714285714284 0.03968253968253968
0 0.8497023809523809 0.6818783068783069 0.10218253968253968 0.17592592592592593
0 0.910218253968254 0.5575396825396826 0.07043650793650794 0.09126984126984126
0 0.31746031746031744 0.6051587301587301 0.1388888888888889 0.28703703703703703
0 0.32589285714285715 0.31084656084656087 0.03869047619047619 0.06084656084656084
0 0.2916666666666667 0.30952380952380953 0.017857142857142856 0.06613756613756613
0 0.025793650793650792 0.15542328042328044 0.027777777777777776 0.017195767195767195
0 0.5634920634920635 0.15343915343915343 0.023809523809523808 0.031746031746031744
0 0.5758928571428571 0.13558201058201058 0.000992063492063492 0.0013227513227513227
0 0.24107142857142858 0.15343915343915343 0.16666666666666666 0.17195767195767195
0 0.9880952380952381 0.02447089947089947 0.01984126984126984 0.02513227513227513
