0 0.4350198412698413 0.6838624338624338 0.044642857142857144 0.07407407407407407
0 0.5694444444444444 0.6845238095238095 0.061507936507936505 0.1283068783068783
0 0.9890873015873016 0.5727513227513228 0.021825396825396824 0.07671957671957672
0 0.6473214285714286 0.5859788359788359 0.11805555555555555 0.1349206349206349
0 0.2896825396825397 0.5231481481481481 0.0496031746031746 0.062169312169312166
0 0.6830357142857143 0.42394179894179895 0.07837301587301587 0.0701058201058201
0 0.6721230158730159 0.3353174603174603 0.044642857142857144 0.03571428571428571
0 0.33581349206349204 0.1765873015873016 0.03273809523809524 0.04894179894179894
0 0.8660714285714286 0.17394179894179895 0.03373015873015873 0.046296296296296294
0 0.7371031746031746 0.16137566137566137 0.031746031746031744 0.0291005291005291
0 0.7559523809523809 0.15079365079365079 0.005952380952380952 0.010582010582010581
