0 0.6746031746031746 0.6203703703703703 0.03373015873015873 0.021164021164021163
0 0.8373015873015873 0.6342592592592593 0.047619047619047616 0.09126984126984126
0 0.7440476190476191 0.6421957671957672 0.06349206349206349 0.1283068783068783
0 0.5699404761904762 0.580026455026455 0.028769841269841268 0.03306878306878307
0 0.5357142857142857 0.531084656084656 0.01984126984126984 0.01455026455026455
0 0.8060515873015873 0.5178571428571429 0.000992063492063492 0.0013227513227513227
0 0.5491071428571429 0.5198412698412699 0.002976190476190476 0.007936507936507936
0 0.5451388888888888 0.5072751322751323 0.000992063492063492 0.0013227513227513227
0 0.5441468253968254 0.5033068783068783 0.000992063492063492 0.0013227513227513227
0 0.5401785714285714 0.4887566137566138 0.000992063492063492 0.0013227513227513227
0 0.5391865079365079 0.48478835978835977 0.000992063492063492 0.0013227513227513227
0 0.5381944444444444 0.4808201058201058 0.000992063492063492 0.0013227513227513227
0 0.4791666666666667 0.5436507936507936 0.05952380952380952 0.13227513227513227
0 0.5372023809523809 0.47685185185185186 0.000992063492063492 0.0013227513227513227
0 0.5362103174603174 0.4742063492063492 0.000992063492063492 0.0013227513227513227
0 0.6547619047619048 0.5264550264550265 0.10714285714285714 0.10846560846560846
0 0.8020833333333334 0.4662698412698413 0.000992063492063492 0.0013227513227513227
0 0.6185515873015873 0.4451058201058201 0.000992063492063492 0.0013227513227513227
0 0.5307539682539683 0.4093915343915344 0.05555555555555555 0.12301587301587301
0 0.5843253968253969 0.4193121693121693 0.06746031746031746 0.1455026455026455
0 0.7589285714285714 0.4226190476190476 0.09325396825396826 0.2156084656084656
0 0.8209325396825397 0.4021164021164021 0.054563492063492064 0.18518518518518517
0 0.9513888888888888 0.2718253968253968 0.031746031746031744 0.03571428571428571
0 0.4751984126984127 0.10383597883597884 0.023809523809523808 0.027777777777777776
