0 0.5783730158730159 0.4880952380952381 0.027777777777777776 0.04497354497354497
0 0.5287698412698413 0.460978835978836 0.05952380952380952 0.11243386243386243
0 0.062003968253968256 0.4041005291005291 0.06845238095238096 0.07275132275132275
0 0.1498015873015873 0.38425925925925924 0.03373015873015873 0.041005291005291
0 0.2088293650793651 0.37566137566137564 0.034722222222222224 0.06084656084656084
0 0.6612103174603174 0.42857142857142855 0.13988095238095238 0.24603174603174602
0 0.3472222222222222 0.3287037037037037 0.03968253968253968 0.062169312169312166
0 0.04117063492063492 0.29034391534391535 0.044642857142857144 0.04365079365079365
0 0.4489087301587302 0.26521164021164023 0.000992063492063492 0.0013227513227513227
0 0.404265873015873 0.2533068783068783 0.08630952380952381 0.10185185185185185
0 0.9603174603174603 0.09656084656084656 0.001984126984126984 0.007936507936507936
0 0.9151785714285714 0.1111111111111111 0.06448412698412699 0.037037037037037035
0 0.9186507936507936 0.09193121693121693 0.07539682539682539 0.027777777777777776
0 0.9285714285714286 0.07275132275132275 0.041666666666666664 0.015873015873015872
0 0.4623015873015873 0.04828042328042328 0.05555555555555555 0.027777777777777776
0 0.9221230158730159 0.046296296296296294 0.07043650793650794 0.042328042328042326
0 0.4930555555555556 0.023148148148148147 0.005952380952380952 0.01984126984126984
0 0.4618055555555556 0.021825396825396824 0.05853174603174603 0.027777777777777776
