0 0.031746031746031744 0.8161375661375662 0.05555555555555555 0.21428571428571427
0 0.0744047619047619 0.6203703703703703 0.06547619047619048 0.06084656084656084
0 0.3392857142857143 0.6203703703703703 0.10317460317460317 0.19047619047619047
0 0.470734126984127 0.5079365079365079 0.010912698412698412 0.013227513227513227
0 0.5198412698412699 0.5085978835978836 0.007936507936507936 0.01984126984126984
0 0.5243055555555556 0.4966931216931217 0.000992063492063492 0.0013227513227513227
0 0.4097222222222222 0.5085978835978836 0.025793650793650792 0.02513227513227513
0 0.4523809523809524 0.5165343915343915 0.051587301587301584 0.051587301587301584
0 0.5094246031746031 0.6164021164021164 0.2371031746031746 0.2671957671957672
0 0.1974206349206349 0.43253968253968256 0.11507936507936507 0.08994708994708994
0 0.6810515873015873 0.02513227513227513 0.06646825396825397 0.05026455026455026
