0 0.3635912698412698 0.3921957671957672 0.040674603174603176 0.07275132275132275
0 0.7291666666666666 0.37433862433862436 0.03968253968253968 0.03968253968253968
0 0.46478174603174605 0.3776455026455027 0.10615079365079365 0.16005291005291006
0 0.6453373015873016 0.3134920634920635 0.08035714285714286 0.07671957671957672
0 0.6607142857142857 0.23875661375661375 0.023809523809523808 0.03306878306878307
0 0.970734126984127 0.21494708994708994 0.034722222222222224 0.04894179894179894
0 0.9151785714285714 0.15542328042328044 0.022817460317460316 0.03042328042328042
0 0.7757936507936508 0.20238095238095238 0.09325396825396826 0.1402116402116402
0 0.18799603174603174 0.07208994708994709 0.050595238095238096 0.056878306878306875
0 0.20287698412698413 0.017857142857142856 0.06845238095238096 0.03306878306878307
