0 0.5729166666666666 0.6653439153439153 0.09623015873015874 0.2037037037037037
0 0.7232142857142857 0.625 0.19246031746031747 0.294973544973545
0 0.052083333333333336 0.5687830687830688 0.10416666666666667 0.21693121693121692
0 0.48462301587301587 0.5582010582010583 0.13392857142857142 0.3201058201058201
0 0.27976190476190477 0.38227513227513227 0.09126984126984126 0.1693121693121693
0 0.042162698412698416 0.3716931216931217 0.07837301587301587 0.1693121693121693
0 0.4350198412698413 0.36904761904761907 0.12202380952380952 0.1693121693121693
0 0.32242063492063494 0.2619047619047619 0.08134920634920635 0.047619047619047616
0 0.21676587301587302 0.2156084656084656 0.04662698412698413 0.07407407407407407
0 0.44146825396825395 0.12896825396825398 0.10912698412698413 0.12301587301587301
