0 0.8913690476190477 0.6904761904761905 0.05257936507936508 0.07142857142857142
0 0.783234126984127 0.5873015873015873 0.16964285714285715 0.19047619047619047
0 0.6185515873015873 0.5297619047619048 0.1974206349206349 0.17857142857142858
0 0.6691468253968254 0.44907407407407407 0.010912698412698412 0.02513227513227513
0 0.9955357142857143 0.460978835978836 0.008928571428571428 0.05952380952380952
0 0.6413690476190477 0.43253968253968256 0.030753968253968252 0.03968253968253968
0 0.4573412698412698 0.42724867724867727 0.02976190476190476 0.042328042328042326
0 0.6979166666666666 0.4126984126984127 0.040674603174603176 0.05291005291005291
0 0.6572420634920635 0.38756613756613756 0.034722222222222224 0.03439153439153439
0 0.7802579365079365 0.36507936507936506 0.03869047619047619 0.05291005291005291
0 0.34226190476190477 0.40343915343915343 0.10317460317460317 0.1349206349206349
0 0.8561507936507936 0.33201058201058203 0.05952380952380952 0.07407407407407407
0 0.5119047619047619 0.296957671957672 0.03571428571428571 0.062169312169312166
0 0.4603174603174603 0.2876984126984127 0.05555555555555555 0.07539682539682539
0 0.48462301587301587 0.2552910052910053 0.06646825396825397 0.0582010582010582
0 0.2941468253968254 0.03306878306878307 0.016865079365079364 0.018518518518518517
