0 0.7113095238095238 0.419973544973545 0.05555555555555555 0.08068783068783068
0 0.6626984126984127 0.33994708994708994 0.03373015873015873 0.042328042328042326
0 0.46378968253968256 0.3029100529100529 0.1259920634920635 0.15873015873015872
0 0.1284722222222222 0.25595238095238093 0.06845238095238096 0.06746031746031746
0 0.658234126984127 0.22288359788359788 0.022817460317460316 0.03042328042328042
0 0.12152777777777778 0.21362433862433863 0.030753968253968252 0.03042328042328042
0 0.2767857142857143 0.2222222222222222 0.04563492063492063 0.05555555555555555
0 0.3159722222222222 0.18055555555555555 0.04861111111111111 0.05952380952380952
0 0.3412698412698413 0.14616402116402116 0.015873015873015872 0.022486772486772486
0 0.2628968253968254 0.14285714285714285 0.015873015873015872 0.018518518518518517
0 0.2867063492063492 0.12169312169312169 0.05952380952380952 0.037037037037037035
0 0.2857142857142857 0.07142857142857142 0.001984126984126984 0.0026455026455026454
0 0.3541666666666667 0.09060846560846561 0.06746031746031746 0.06481481481481481
0 0.2916666666666667 0.04365079365079365 0.05555555555555555 0.07142857142857142
