0 0.7232142857142857 0.6541005291005291 0.0496031746031746 0.06746031746031746
0 0.5595238095238095 0.6342592592592593 0.047619047619047616 0.06481481481481481
0 0.5357142857142857 0.6031746031746031 0.005952380952380952 0.0291005291005291
0 0.5347222222222222 0.5787037037037037 0.005952380952380952 0.017195767195767195
0 0.5307539682539683 0.5548941798941799 0.003968253968253968 0.009259259259259259
0 0.008432539682539682 0.53505291005291 0.012896825396825396 0.09126984126984126
0 0.6334325396825397 0.48478835978835977 0.04662698412698413 0.12301587301587301
0 0.6051587301587301 0.44775132275132273 0.04563492063492063 0.0992063492063492
0 0.10515873015873016 0.4021164021164021 0.021825396825396824 0.026455026455026454
0 0.560515873015873 0.4523809523809524 0.08928571428571429 0.1455026455026455
0 0.7534722222222222 0.06547619047619048 0.022817460317460316 0.03306878306878307
