0 0.2554563492063492 0.6382275132275133 0.008928571428571428 0.009259259259259259
0 0.3784722222222222 0.6607142857142857 0.2628968253968254 0.4113756613756614
0 0.5639880952380952 0.5171957671957672 0.09424603174603174 0.16137566137566137
0 0.6879960317460317 0.22156084656084657 0.000992063492063492 0.0013227513227513227
0 0.6696428571428571 0.289021164021164 0.15873015873015872 0.14947089947089948
0 0.6235119047619048 0.1884920634920635 0.054563492063492064 0.041005291005291
0 0.01636904761904762 0.17923280423280424 0.0248015873015873 0.022486772486772486
0 0.10466269841269842 0.0992063492063492 0.00496031746031746 0.013227513227513227
0 0.08482142857142858 0.10251322751322751 0.0248015873015873 0.03306878306878307
0 0.09176587301587301 0.09391534391534391 0.012896825396825396 0.018518518518518517
