0 0.6170634920634921 0.4166666666666667 0.051587301587301584 0.06613756613756613
0 0.279265873015873 0.39351851851851855 0.09623015873015874 0.14682539682539683
0 0.15426587301587302 0.34325396825396826 0.028769841269841268 0.05952380952380952
0 0.4990079365079365 0.2605820105820106 0.10714285714285714 0.15079365079365079
0 0.7584325396825397 0.17923280423280424 0.000992063492063492 0.0013227513227513227
0 0.7604166666666666 0.17526455026455026 0.000992063492063492 0.0013227513227513227
0 0.7614087301587301 0.17261904761904762 0.000992063492063492 0.0013227513227513227
0 0.7524801587301587 0.20238095238095238 0.0763888888888889 0.07671957671957672
0 0.7693452380952381 0.17195767195767195 0.05853174603174603 0.023809523809523808
0 0.6636904761904762 0.20238095238095238 0.07539682539682539 0.10317460317460317
0 0.8338293650793651 0.1541005291005291 0.022817460317460316 0.027777777777777776
0 0.7683531746031746 0.14616402116402116 0.06845238095238096 0.01455026455026455
0 0.5590277777777778 0.14087301587301587 0.0248015873015873 0.041005291005291
0 0.32490079365079366 0.13293650793650794 0.0248015873015873 0.03042328042328042
0 0.4851190476190476 0.08068783068783068 0.01984126984126984 0.0291005291005291
0 0.6860119047619048 0.01917989417989418 0.044642857142857144 0.017195767195767195
