0 0.5367063492063492 0.4087301587301587 0.07142857142857142 0.09523809523809523
0 0.6537698412698413 0.32341269841269843 0.07936507936507936 0.10449735449735449
0 0.3447420634920635 0.2830687830687831 0.03273809523809524 0.06084656084656084
0 0.10515873015873016 0.2744708994708995 0.037698412698412696 0.05423280423280423
0 0.4007936507936508 0.23015873015873015 0.007936507936507936 0.010582010582010581
0 0.38392857142857145 0.23677248677248677 0.021825396825396824 0.023809523809523808
0 0.17708333333333334 0.23214285714285715 0.06646825396825397 0.0701058201058201
0 0.3412698412698413 0.21693121693121692 0.025793650793650792 0.042328042328042326
0 0.42956349206349204 0.2347883597883598 0.07936507936507936 0.10714285714285714
0 0.39186507936507936 0.16997354497354497 0.025793650793650792 0.03571428571428571
0 0.19940476190476192 0.13822751322751323 0.03373015873015873 0.04365079365079365
0 0.33035714285714285 0.08928571428571429 0.025793650793650792 0.01984126984126984
0 0.2996031746031746 0.07473544973544974 0.02976190476190476 0.03571428571428571
0 0.3492063492063492 0.01455026455026455 0.01984126984126984 0.023809523809523808
