0 0.7485119047619048 0.6362433862433863 0.018849206349206348 0.023809523809523808
0 0.5907738095238095 0.7056878306878307 0.08035714285714286 0.17063492063492064
0 0.5510912698412699 0.5952380952380952 0.050595238095238096 0.0873015873015873
0 0.37648809523809523 0.5462962962962963 0.03273809523809524 0.09788359788359788
0 0.7450396825396826 0.5509259259259259 0.0873015873015873 0.14153439153439154
0 0.5203373015873016 0.42592592592592593 0.04861111111111111 0.06349206349206349
0 0.37648809523809523 0.4173280423280423 0.04265873015873016 0.07275132275132275
0 0.3551587301587302 0.29365079365079366 0.03373015873015873 0.05291005291005291
0 0.3869047619047619 0.18121693121693122 0.005952380952380952 0.010582010582010581
0 0.04563492063492063 0.12698412698412698 0.015873015873015872 0.018518518518518517
