0 0.8268849206349206 0.6468253968253969 0.05257936507936508 0.08465608465608465
0 0.8025793650793651 0.6051587301587301 0.027777777777777776 0.03042328042328042
0 0.22172619047619047 0.5608465608465608 0.04662698412698413 0.06878306878306878
0 0.7658730158730159 0.31415343915343913 0.03571428571428571 0.01455026455026455
0 0.8015873015873016 0.3029100529100529 0.021825396825396824 0.018518518518518517
0 0.7797619047619048 0.2791005291005291 0.005952380952380952 0.013227513227513227
0 0.5262896825396826 0.4742063492063492 0.5009920634920635 0.40343915343915343
0 0.7941468253968254 0.2705026455026455 0.01488095238095238 0.022486772486772486
0 0.7554563492063492 0.25462962962962965 0.04861111111111111 0.04365079365079365
0 0.658234126984127 0.25132275132275134 0.06845238095238096 0.1164021164021164
