0 0.5555555555555556 0.47156084656084657 0.061507936507936505 0.10449735449735449
0 0.660218253968254 0.41335978835978837 0.09623015873015874 0.14947089947089948
0 0.3774801587301587 0.3955026455026455 0.10218253968253968 0.15079365079365079
0 0.1056547619047619 0.23082010582010581 0.04861111111111111 0.051587301587301584
0 0.13541666666666666 0.20436507936507936 0.020833333333333332 0.027777777777777776
0 0.7728174603174603 0.1593915343915344 0.021825396825396824 0.03306878306878307
0 0.13740079365079366 0.047619047619047616 0.010912698412698412 0.018518518518518517
0 0.2088293650793651 0.052248677248677246 0.07242063492063493 0.09391534391534391
0 0.2693452380952381 0.00992063492063492 0.05257936507936508 0.01984126984126984
0 0.01636904761904762 0.01455026455026455 0.020833333333333332 0.0291005291005291
