0 0.4236111111111111 0.4417989417989418 0.05555555555555555 0.09259259259259259
0 0.3288690476190476 0.453042328042328 0.11210317460317461 0.18121693121693122
0 0.4007936507936508 0.28835978835978837 0.11507936507936507 0.16137566137566137
0 0.07390873015873016 0.20833333333333334 0.044642857142857144 0.02513227513227513
0 0.9831349206349206 0.20833333333333334 0.03373015873015873 0.05423280423280423
0 0.2673611111111111 0.1832010582010582 0.08432539682539683 0.0701058201058201
0 0.7351190476190477 0.09986772486772487 0.015873015873015872 0.02513227513227513
0 0.8645833333333334 0.09193121693121693 0.022817460317460316 0.01984126984126984
0 0.8258928571428571 0.09457671957671958 0.05257936507936508 0.04894179894179894
0 0.05505952380952381 0.09722222222222222 0.06448412698412699 0.06481481481481481
0 0.7599206349206349 0.07407407407407407 0.017857142857142856 0.03439153439153439
0 0.7390873015873016 0.062169312169312166 0.04365079365079365 0.0291005291005291
0 0.41716269841269843 0.08531746031746032 0.04861111111111111 0.07804232804232804
0 0.5674603174603174 0.027116402116402115 0.047619047619047616 0.05423280423280423
