0 0.6532738095238095 0.35714285714285715 0.020833333333333332 0.031746031746031744
0 0.7063492063492064 0.37367724867724866 0.06349206349206349 0.08333333333333333
0 0.6383928571428571 0.33664021164021163 0.016865079365079364 0.011904761904761904
0 0.43799603174603174 0.4060846560846561 0.11805555555555555 0.1746031746031746
0 0.7619047619047619 0.2804232804232804 0.06349206349206349 0.06613756613756613
0 0.11557539682539683 0.24867724867724866 0.044642857142857144 0.047619047619047616
0 0.7847222222222222 0.15343915343915343 0.013888888888888888 0.015873015873015872
0 0.26587301587301587 0.1455026455026455 0.011904761904761904 0.031746031746031744
0 0.22123015873015872 0.14682539682539683 0.06547619047619048 0.08994708994708994
0 0.84375 0.05886243386243386 0.060515873015873016 0.06481481481481481
0 0.29017857142857145 0.03968253968253968 0.04861111111111111 0.05026455026455026
0 0.32341269841269843 0.017195767195767195 0.025793650793650792 0.026455026455026454
0 0.2594246031746032 0.007936507936507936 0.012896825396825396 0.010582010582010581
0 0.22767857142857142 0.015873015873015872 0.05654761904761905 0.026455026455026454
0 0.38839285714285715 0.062169312169312166 0.10615079365079365 0.12433862433862433
