0 0.8368055555555556 0.46296296296296297 0.050595238095238096 0.082010582010582
0 0.47371031746031744 0.416005291005291 0.09027777777777778 0.13095238095238096
0 0.6622023809523809 0.5046296296296297 0.2767857142857143 0.3531746031746032
0 0.6225198412698413 0.2857142857142857 0.06646825396825397 0.09259259259259259
0 0.75 0.30687830687830686 0.12103174603174603 0.17989417989417988
0 0.1359126984126984 0.09193121693121693 0.011904761904761904 0.01455026455026455
0 0.10367063492063493 0.08531746031746032 0.016865079365079364 0.009259259259259259
0 0.2222222222222222 0.09523809523809523 0.041666666666666664 0.031746031746031744
0 0.31994047619047616 0.1130952380952381 0.08630952380952381 0.09126984126984126
0 0.1552579365079365 0.06084656084656084 0.006944444444444444 0.010582010582010581
0 0.1378968253968254 0.05886243386243386 0.01984126984126984 0.027777777777777776
0 0.10515873015873016 0.061507936507936505 0.03373015873015873 0.03306878306878307
0 0.17609126984126985 0.07275132275132275 0.04265873015873016 0.06613756613756613
