0 0.5034722222222222 0.4252645502645503 0.006944444444444444 0.006613756613756613
0 0.4662698412698413 0.4834656084656085 0.08134920634920635 0.13624338624338625
0 0.5887896825396826 0.544973544973545 0.1636904761904762 0.30423280423280424
0 0.6279761904761905 0.38492063492063494 0.04365079365079365 0.015873015873015872
0 0.6443452380952381 0.37632275132275134 0.000992063492063492 0.0013227513227513227
0 0.6319444444444444 0.375 0.001984126984126984 0.0013227513227513227
0 0.6418650793650794 0.3716931216931217 0.001984126984126984 0.0026455026455026454
0 0.6378968253968254 0.37103174603174605 0.003968253968253968 0.003968253968253968
0 0.7628968253968254 0.4742063492063492 0.17063492063492064 0.26851851851851855
0 0.5654761904761905 0.3498677248677249 0.08333333333333333 0.03042328042328042
