0 0.5709325396825397 0.5178571428571429 0.07242063492063493 0.12037037037037036
0 0.49206349206349204 0.4834656084656085 0.07936507936507936 0.14947089947089948
0 0.26686507936507936 0.44576719576719576 0.06944444444444445 0.07936507936507936
0 0.5109126984126984 0.4060846560846561 0.015873015873015872 0.021164021164021163
0 0.6934523809523809 0.37367724867724866 0.057539682539682536 0.062169312169312166
0 0.8829365079365079 0.2705026455026455 0.037698412698412696 0.03571428571428571
0 0.6577380952380952 0.18121693121693122 0.021825396825396824 0.021164021164021163
0 0.7842261904761905 0.2175925925925926 0.08234126984126984 0.10978835978835978
0 0.6850198412698413 0.16335978835978837 0.008928571428571428 0.006613756613756613
0 0.1636904761904762 0.20238095238095238 0.08531746031746032 0.09259259259259259
0 0.7346230158730159 0.13690476190476192 0.020833333333333332 0.011904761904761904
0 0.7559523809523809 0.13558201058201058 0.02976190476190476 0.017195767195767195
0 0.6527777777777778 0.1388888888888889 0.03571428571428571 0.04497354497354497
0 0.7415674603174603 0.11044973544973545 0.03670634920634921 0.03306878306878307
0 0.054563492063492064 0.06944444444444445 0.03571428571428571 0.027777777777777776
0 0.5907738095238095 0.06018518518518518 0.03670634920634921 0.03306878306878307
0 0.7276785714285714 0.05423280423280423 0.06646825396825397 0.0873015873015873
0 0.11359126984126984 0.013227513227513227 0.054563492063492064 0.026455026455026454
