0 0.9642857142857143 0.6613756613756614 0.03373015873015873 0.04497354497354497
0 0.5823412698412699 0.578042328042328 0.05555555555555555 0.0873015873015873
0 0.7123015873015873 0.4080687830687831 0.023809523809523808 0.03042328042328042
0 0.5828373015873016 0.32605820105820105 0.000992063492063492 0.0013227513227513227
0 0.5838293650793651 0.32341269841269843 0.000992063492063492 0.0013227513227513227
0 0.6121031746031746 0.38756613756613756 0.14484126984126985 0.14285714285714285
0 0.010912698412698412 0.3326719576719577 0.021825396825396824 0.03835978835978836
0 0.6185515873015873 0.3333333333333333 0.09027777777777778 0.0582010582010582
0 0.4742063492063492 0.37037037037037035 0.09325396825396826 0.13227513227513227
0 0.501984126984127 0.24801587301587302 0.01984126984126984 0.02513227513227513
0 0.5967261904761905 0.23809523809523808 0.06845238095238096 0.08994708994708994
