0 0.27628968253968256 0.6488095238095238 0.008928571428571428 0.003968253968253968
0 0.279265873015873 0.6461640211640212 0.000992063492063492 0.0013227513227513227
0 0.28125 0.6395502645502645 0.000992063492063492 0.0013227513227513227
0 0.283234126984127 0.6329365079365079 0.000992063492063492 0.0013227513227513227
0 0.28422619047619047 0.6302910052910053 0.000992063492063492 0.0013227513227513227
0 0.28621031746031744 0.6236772486772487 0.000992063492063492 0.0013227513227513227
0 0.2316468253968254 0.6137566137566137 0.054563492063492064 0.08465608465608465
0 0.4166666666666667 0.6243386243386243 0.09126984126984126 0.17195767195767195
0 0.29563492063492064 0.5555555555555556 0.061507936507936505 0.13756613756613756
0 0.2509920634920635 0.5218253968253969 0.061507936507936505 0.08862433862433862
0 0.30009920634920634 0.43187830687830686 0.06845238095238096 0.10449735449735449
0 0.408234126984127 0.289021164021164 0.022817460317460316 0.03306878306878307
0 0.35912698412698413 0.22420634920634921 0.027777777777777776 0.03835978835978836
0 0.7723214285714286 0.2175925925925926 0.11011904761904762 0.14153439153439154
