0 0.6686507936507936 0.4576719576719577 0.10119047619047619 0.15608465608465608
0 0.44345238095238093 0.43783068783068785 0.08333333333333333 0.15079365079365079
0 0.06646825396825397 0.32936507936507936 0.03373015873015873 0.0582010582010582
0 0.6279761904761905 0.3134920634920635 0.04563492063492063 0.042328042328042326
0 0.11805555555555555 0.29563492063492064 0.047619047619047616 0.062169312169312166
0 0.5233134920634921 0.2526455026455027 0.016865079365079364 0.010582010582010581
0 0.4742063492063492 0.2916666666666667 0.06547619047619048 0.10449735449735449
0 0.03125 0.25595238095238093 0.0625 0.08333333333333333
0 0.08134920634920635 0.13756613756613756 0.013888888888888888 0.026455026455026454
0 0.3060515873015873 0.1130952380952381 0.0625 0.08862433862433862
0 0.6587301587301587 0.028439153439153438 0.023809523809523808 0.03306878306878307
