0 0.6453373015873016 0.5482804232804233 0.05853174603174603 0.09391534391534391
0 0.3244047619047619 0.48214285714285715 0.027777777777777776 0.046296296296296294
0 0.5431547619047619 0.5502645502645502 0.12400793650793651 0.21693121693121692
0 0.7946428571428571 0.4417989417989418 0.06349206349206349 0.09788359788359788
0 0.03571428571428571 0.3273809523809524 0.07142857142857142 0.13624338624338625
0 0.17113095238095238 0.2830687830687831 0.10813492063492064 0.13756613756613756
0 0.746031746031746 0.23875661375661375 0.09722222222222222 0.11507936507936507
0 0.07043650793650794 0.20105820105820105 0.03571428571428571 0.05291005291005291
0 0.1359126984126984 0.09722222222222222 0.05357142857142857 0.07539682539682539
0 0.1691468253968254 0.061507936507936505 0.00496031746031746 0.006613756613756613
0 0.7901785714285714 0.05423280423280423 0.0248015873015873 0.03439153439153439
