0 0.8640873015873016 0.6620370370370371 0.00992063492063492 0.02513227513227513
0 0.6081349206349206 0.6851851851851852 0.0496031746031746 0.09523809523809523
0 0.48313492063492064 0.6448412698412699 0.04563492063492063 0.08597883597883597
0 0.9747023809523809 0.6144179894179894 0.050595238095238096 0.11243386243386243
0 0.39880952380952384 0.4947089947089947 0.09722222222222222 0.15608465608465608
0 0.6760912698412699 0.45965608465608465 0.10615079365079365 0.17328042328042328
0 0.9826388888888888 0.3472222222222222 0.030753968253968252 0.051587301587301584
0 0.9340277777777778 0.18253968253968253 0.03273809523809524 0.018518518518518517
0 0.9399801587301587 0.17261904761904762 0.000992063492063492 0.0013227513227513227
0 0.5262896825396826 0.15873015873015872 0.018849206349206348 0.026455026455026454
0 0.10515873015873016 0.13690476190476192 0.01984126984126984 0.027777777777777776
0 0.8621031746031746 0.16534391534391535 0.20436507936507936 0.13756613756613756
0 0.0763888888888889 0.07473544973544974 0.01984126984126984 0.022486772486772486
0 0.21329365079365079 0.07738095238095238 0.05952380952380952 0.051587301587301584
0 0.12251984126984126 0.06547619047619048 0.08234126984126984 0.05952380952380952
0 0.7475198412698413 0.01455026455026455 0.03869047619047619 0.0291005291005291
