0 0.5838293650793651 0.6746031746031746 0.03670634920634921 0.03968253968253968
0 0.6438492063492064 0.6468253968253969 0.051587301587301584 0.026455026455026454
0 0.6493055555555556 0.6283068783068783 0.000992063492063492 0.005291005291005291
0 0.6502976190476191 0.6044973544973545 0.000992063492063492 0.005291005291005291
0 0.7256944444444444 0.5747354497354498 0.04861111111111111 0.09126984126984126
0 0.59375 0.5535714285714286 0.020833333333333332 0.09126984126984126
0 0.6428571428571429 0.5575396825396826 0.07936507936507936 0.11243386243386243
0 0.015376984126984126 0.37037037037037035 0.030753968253968252 0.12169312169312169
0 0.08878968253968254 0.2671957671957672 0.1259920634920635 0.1164021164021164
0 0.07589285714285714 0.12433862433862433 0.0248015873015873 0.06349206349206349
0 0.07787698412698413 0.09193121693121693 0.000992063492063492 0.0013227513227513227
0 0.08283730158730158 0.08796296296296297 0.000992063492063492 0.0013227513227513227
0 0.23115079365079366 0.09060846560846561 0.017857142857142856 0.027777777777777776
0 0.1314484126984127 0.12698412698412698 0.08630952380952381 0.10846560846560846
0 0.5481150793650794 0.05886243386243386 0.020833333333333332 0.03042328042328042
0 0.13988095238095238 0.052248677248677246 0.01984126984126984 0.03306878306878307
