0 0.5337301587301587 0.6937830687830688 0.09722222222222222 0.18386243386243387
0 0.39732142857142855 0.5912698412698413 0.07837301587301587 0.1349206349206349
0 0.6865079365079365 0.37632275132275134 0.047619047619047616 0.062169312169312166
0 0.6185515873015873 0.2857142857142857 0.050595238095238096 0.05291005291005291
0 0.6116071428571429 0.25462962962962965 0.000992063492063492 0.0013227513227513227
0 0.6135912698412699 0.25066137566137564 0.000992063492063492 0.0013227513227513227
0 0.6155753968253969 0.2466931216931217 0.000992063492063492 0.0013227513227513227
0 0.6195436507936508 0.24272486772486773 0.000992063492063492 0.0013227513227513227
0 0.6264880952380952 0.2400793650793651 0.000992063492063492 0.0013227513227513227
0 0.6140873015873016 0.24206349206349206 0.005952380952380952 0.007936507936507936
0 0.6334325396825397 0.23743386243386244 0.000992063492063492 0.0013227513227513227
0 0.043154761904761904 0.21891534391534392 0.000992063492063492 0.0013227513227513227
0 0.020337301587301588 0.24074074074074073 0.040674603174603176 0.05026455026455026
0 0.7033730158730159 0.2414021164021164 0.07341269841269842 0.10449735449735449
0 0.8497023809523809 0.23941798941798942 0.14781746031746032 0.12962962962962962
0 0.6760912698412699 0.21494708994708994 0.08035714285714286 0.08862433862433862
0 0.2604166666666667 0.15542328042328044 0.000992063492063492 0.0013227513227513227
0 0.2594246031746032 0.15145502645502645 0.000992063492063492 0.0013227513227513227
0 0.2822420634920635 0.16203703703703703 0.060515873015873016 0.027777777777777776
0 0.9662698412698413 0.11772486772486772 0.037698412698412696 0.03439153439153439
0 0.2698412698412698 0.10912698412698413 0.07341269841269842 0.08862433862433862
