0 0.008928571428571428 0.5952380952380952 0.017857142857142856 0.07407407407407407
0 0.816468253968254 0.5714285714285714 0.04365079365079365 0.047619047619047616
0 0.6165674603174603 0.546957671957672 0.04861111111111111 0.06481481481481481
0 0.053075396825396824 0.5509259259259259 0.06845238095238096 0.10978835978835978
0 0.018849206349206348 0.42658730158730157 0.037698412698412696 0.056878306878306875
0 0.7043650793650794 0.4503968253968254 0.07738095238095238 0.11243386243386243
0 0.621031746031746 0.3941798941798942 0.01984126984126984 0.021164021164021163
0 0.47619047619047616 0.30158730158730157 0.0873015873015873 0.08994708994708994
0 0.35615079365079366 0.2612433862433862 0.011904761904761904 0.01984126984126984
0 0.01636904761904762 0.18584656084656084 0.03273809523809524 0.046296296296296294
0 0.1056547619047619 0.07142857142857142 0.016865079365079364 0.015873015873015872
