0 0.6691468253968254 0.44841269841269843 0.022817460317460316 0.0291005291005291
0 0.6840277777777778 0.41203703703703703 0.03273809523809524 0.04365079365079365
0 0.8596230158730159 0.29034391534391535 0.000992063492063492 0.0013227513227513227
0 0.8625992063492064 0.289021164021164 0.000992063492063492 0.0013227513227513227
0 0.5024801587301587 0.3855820105820106 0.21924603174603174 0.19973544973544974
0 0.871031746031746 0.2698412698412698 0.031746031746031744 0.0582010582010582
0 0.7921626984126984 0.3062169312169312 0.12996031746031747 0.15476190476190477
0 0.9077380952380952 0.18121693121693122 0.027777777777777776 0.03439153439153439
0 0.9722222222222222 0.17592592592592593 0.05555555555555555 0.06349206349206349
0 0.8288690476190477 0.06084656084656084 0.006944444444444444 0.015873015873015872
0 0.8343253968253969 0.052248677248677246 0.001984126984126984 0.0013227513227513227
0 0.8581349206349206 0.07605820105820106 0.06547619047619048 0.051587301587301584
0 0.7956349206349206 0.05291005291005291 0.05952380952380952 0.06878306878306878
0 0.7564484126984127 0.031084656084656083 0.050595238095238096 0.03306878306878307
