0 0.31746031746031744 0.5132275132275133 0.08333333333333333 0.12962962962962962
0 0.4340277777777778 0.5317460317460317 0.11607142857142858 0.17195767195767195
0 0.20932539682539683 0.45965608465608465 0.031746031746031744 0.03042328042328042
0 0.19196428571428573 0.4437830687830688 0.000992063492063492 0.0013227513227513227
0 0.5451388888888888 0.5152116402116402 0.10416666666666667 0.16534391534391535
0 0.1984126984126984 0.42724867724867727 0.015873015873015872 0.013227513227513227
0 0.25297619047619047 0.4080687830687831 0.06349206349206349 0.08597883597883597
0 0.3005952380952381 0.3783068783068783 0.021825396825396824 0.03968253968253968
0 0.3090277777777778 0.35383597883597884 0.000992063492063492 0.0013227513227513227
0 0.20386904761904762 0.3458994708994709 0.000992063492063492 0.0013227513227513227
0 0.3740079365079365 0.3955026455026455 0.08531746031746032 0.1111111111111111
0 0.29811507936507936 0.3353174603174603 0.000992063492063492 0.0013227513227513227
0 0.2941468253968254 0.3287037037037037 0.000992063492063492 0.0013227513227513227
0 0.21180555555555555 0.31216931216931215 0.002976190476190476 0.007936507936507936
0 0.2777777777777778 0.3253968253968254 0.027777777777777776 0.05555555555555555
0 0.2614087301587302 0.296957671957672 0.002976190476190476 0.0013227513227513227
0 0.2524801587301587 0.29563492063492064 0.000992063492063492 0.0013227513227513227
0 0.23412698412698413 0.32275132275132273 0.02976190476190476 0.0582010582010582
0 0.6815476190476191 0.34656084656084657 0.10119047619047619 0.15343915343915343
0 0.84375 0.23743386243386244 0.17162698412698413 0.17592592592592593
0 0.15128968253968253 0.04431216931216931 0.026785714285714284 0.027777777777777776
