0 0.5565476190476191 0.5846560846560847 0.0873015873015873 0.16137566137566137
0 0.6502976190476191 0.5264550264550265 0.08234126984126984 0.12169312169312169
0 0.5044642857142857 0.47883597883597884 0.026785714285714284 0.037037037037037035
0 0.4806547619047619 0.4332010582010582 0.060515873015873016 0.09656084656084656
0 0.595734126984127 0.3862433862433862 0.05654761904761905 0.06084656084656084
0 0.5 0.3584656084656085 0.017857142857142856 0.018518518518518517
0 0.9776785714285714 0.2744708994708995 0.044642857142857144 0.09656084656084656
0 0.9697420634920635 0.19444444444444445 0.028769841269841268 0.0291005291005291
0 0.8973214285714286 0.18055555555555555 0.010912698412698412 0.009259259259259259
0 0.9012896825396826 0.16666666666666666 0.03273809523809524 0.015873015873015872
0 0.6815476190476191 0.10912698412698413 0.03571428571428571 0.051587301587301584
0 0.3948412698412698 0.0873015873015873 0.021825396825396824 0.015873015873015872
0 0.41418650793650796 0.03968253968253968 0.0248015873015873 0.023809523809523808
0 0.28521825396825395 0.03571428571428571 0.01488095238095238 0.015873015873015872
