0 0.2743055555555556 0.5390211640211641 0.17956349206349206 0.21031746031746032
0 0.41964285714285715 0.4365079365079365 0.10119047619047619 0.18783068783068782
0 0.6984126984126984 0.2876984126984127 0.06746031746031746 0.10449735449735449
0 0.023809523809523808 0.2791005291005291 0.047619047619047616 0.10317460317460317
0 0.7103174603174603 0.18121693121693122 0.1626984126984127 0.14814814814814814
0 0.08482142857142858 0.057539682539682536 0.000992063492063492 0.0013227513227513227
0 0.08978174603174603 0.05489417989417989 0.000992063492063492 0.0013227513227513227
0 0.0496031746031746 0.11772486772486772 0.0992063492063492 0.17195767195767195
0 0.10466269841269842 0.04365079365079365 0.03670634920634921 0.03439153439153439
0 0.12748015873015872 0.023148148148148147 0.000992063492063492 0.0013227513227513227
0 0.1388888888888889 0.01455026455026455 0.01984126984126984 0.015873015873015872
0 0.9236111111111112 0.008597883597883597 0.027777777777777776 0.017195767195767195
0 0.11359126984126984 0.013227513227513227 0.050595238095238096 0.026455026455026454
